0	0	2	1
0	1	2	1
0	2	2	2
0	3	2	2
0	4	2	2
0	5	2	1
0	6	2	2
0	7	2	2
1	0	0	0
1	1	0	0
1	2	0	0
1	3	0	0
1	4	0	2
1	5	0	2
1	6	0	1
1	7	0	2
2	0	0	0
2	1	0	0
2	2	0	0
2	3	0	0
2	4	0	2
2	5	0	1
2	6	0	1
2	7	0	1
3	0	1	0
3	1	1	0
3	2	1	0
3	3	1	2
3	4	1	1
3	5	1	2
3	6	1	2
3	7	1	2
4	0	1	1
4	1	1	1
4	2	1	1
4	3	1	0
4	4	1	2
4	5	1	2
4	6	1	1
4	7	1	1
5	0	2	1
5	1	2	1
5	2	2	2
5	3	2	2
5	4	2	2
5	5	2	2
5	6	2	2
5	7	2	2
6	0	1	0
6	1	1	0
6	2	1	1
6	3	1	0
6	4	1	1
6	5	1	2
6	6	1	1
6	7	1	2
7	0	0	0
7	1	0	0
7	2	0	0
7	3	0	0
7	4	0	2
7	5	0	2
7	6	0	1
7	7	0	2
8	0	0	0
8	1	0	0
8	2	0	0
8	3	0	0
8	4	0	2
8	5	0	2
8	6	0	1
8	7	0	1
9	0	2	1
9	1	2	1
9	2	2	2
9	3	2	2
9	4	2	2
9	5	2	1
9	6	2	2
9	7	2	1
10	0	2	1
10	1	2	1
10	2	2	2
10	3	2	2
10	4	2	2
10	5	2	1
10	6	2	2
10	7	2	2
11	0	1	0
11	1	1	2
11	2	1	1
11	3	1	0
11	4	1	2
11	5	1	2
11	6	1	1
11	7	1	2
12	0	0	0
12	1	0	0
12	2	0	0
12	3	0	0
12	4	0	2
12	5	0	2
12	6	0	1
12	7	0	2
13	0	0	0
13	1	0	0
13	2	0	1
13	3	0	0
13	4	0	2
13	5	0	1
13	6	0	1
13	7	0	1
14	0	0	1
14	1	0	0
14	2	0	0
14	3	0	0
14	4	0	2
14	5	0	2
14	6	0	1
14	7	0	2
15	0	2	0
15	1	2	2
15	2	2	2
15	3	2	2
15	4	2	2
15	5	2	1
15	6	2	1
15	7	2	1
16	0	2	2
16	1	2	2
16	2	2	2
16	3	2	2
16	4	2	1
16	5	2	1
16	6	2	2
16	7	2	2
17	0	2	0
17	1	2	2
17	2	2	0
17	3	2	0
17	4	2	2
17	5	2	2
17	6	2	2
17	7	2	2
18	0	2	0
18	1	2	1
18	2	2	2
18	3	2	2
18	4	2	2
18	5	2	2
18	6	2	2
18	7	2	1
19	0	2	0
19	1	2	1
19	2	2	2
19	3	2	2
19	4	2	2
19	5	2	1
19	6	2	2
19	7	2	2
20	0	2	1
20	1	2	1
20	2	2	2
20	3	2	2
20	4	2	2
20	5	2	2
20	6	2	2
20	7	2	2
21	0	1	0
21	1	1	1
21	2	1	1
21	3	1	0
21	4	1	2
21	5	1	1
21	6	1	1
21	7	1	1
22	0	1	0
22	1	1	0
22	2	1	1
22	3	1	0
22	4	1	2
22	5	1	2
22	6	1	1
22	7	1	2
23	0	2	1
23	1	2	1
23	2	2	2
23	3	2	2
23	4	2	2
23	5	2	2
23	6	2	2
23	7	2	0
24	0	1	0
24	1	1	2
24	2	1	1
24	3	1	1
24	4	1	2
24	5	1	2
24	6	1	1
24	7	1	1
25	0	0	0
25	1	0	0
25	2	0	0
25	3	0	0
25	4	0	2
25	5	0	2
25	6	0	1
25	7	0	2
26	0	0	1
26	1	0	0
26	2	0	1
26	3	0	0
26	4	0	1
26	5	0	2
26	6	0	1
26	7	0	1
27	0	1	0
27	1	1	0
27	2	1	1
27	3	1	0
27	4	1	1
27	5	1	1
27	6	1	1
27	7	1	2
28	0	2	1
28	1	2	1
28	2	2	2
28	3	2	2
28	4	2	2
28	5	2	2
28	6	2	1
28	7	2	2
29	0	2	1
29	1	2	1
29	2	2	2
29	3	2	2
29	4	2	1
29	5	2	2
29	6	2	2
29	7	2	2
30	0	0	0
30	1	0	0
30	2	0	0
30	3	0	0
30	4	0	2
30	5	0	1
30	6	0	1
30	7	0	2
31	0	2	2
31	1	2	2
31	2	2	2
31	3	2	2
31	4	2	2
31	5	2	2
31	6	2	2
31	7	2	2
32	0	0	0
32	1	0	0
32	2	0	0
32	3	0	0
32	4	0	2
32	5	0	2
32	6	0	1
32	7	0	2
33	0	2	2
33	1	2	2
33	2	2	2
33	3	2	2
33	4	2	2
33	5	2	2
33	6	2	2
33	7	2	2
34	0	2	1
34	1	2	0
34	2	2	2
34	3	2	2
34	4	2	2
34	5	2	2
34	6	2	1
34	7	2	2
35	0	0	0
35	1	0	0
35	2	0	0
35	3	0	0
35	4	0	2
35	5	0	2
35	6	0	1
35	7	0	2
36	0	0	1
36	1	0	0
36	2	0	0
36	3	0	0
36	4	0	2
36	5	0	2
36	6	0	1
36	7	0	2
37	0	2	1
37	1	2	2
37	2	2	2
37	3	2	2
37	4	2	1
37	5	2	2
37	6	2	2
37	7	2	2
38	0	2	2
38	1	2	2
38	2	2	2
38	3	2	2
38	4	2	2
38	5	2	2
38	6	2	2
38	7	2	2
39	0	0	0
39	1	0	0
39	2	0	0
39	3	0	0
39	4	0	2
39	5	0	2
39	6	0	1
39	7	0	2
40	0	2	1
40	1	2	1
40	2	2	2
40	3	2	2
40	4	2	2
40	5	2	2
40	6	2	2
40	7	2	1
41	0	2	1
41	1	2	2
41	2	2	1
41	3	2	2
41	4	2	2
41	5	2	1
41	6	2	2
41	7	2	2
42	0	2	1
42	1	2	2
42	2	2	2
42	3	2	2
42	4	2	2
42	5	2	2
42	6	2	2
42	7	2	2
43	0	1	1
43	1	1	0
43	2	1	1
43	3	1	0
43	4	1	2
43	5	1	2
43	6	1	2
43	7	1	1
44	0	0	0
44	1	0	0
44	2	0	0
44	3	0	0
44	4	0	2
44	5	0	1
44	6	0	1
44	7	0	1
45	0	0	0
45	1	0	0
45	2	0	0
45	3	0	0
45	4	0	2
45	5	0	1
45	6	0	1
45	7	0	2
46	0	2	2
46	1	2	2
46	2	2	2
46	3	2	2
46	4	2	2
46	5	2	1
46	6	2	2
46	7	2	2
47	0	2	0
47	1	2	1
47	2	2	0
47	3	2	0
47	4	2	1
47	5	2	2
47	6	2	2
47	7	2	2
48	0	2	0
48	1	2	1
48	2	2	2
48	3	2	2
48	4	2	2
48	5	2	2
48	6	2	2
48	7	2	2
49	0	1	0
49	1	1	0
49	2	1	0
49	3	1	0
49	4	1	1
49	5	1	1
49	6	1	1
49	7	1	2
50	0	0	1
50	1	0	0
50	2	0	0
50	3	0	0
50	4	0	2
50	5	0	1
50	6	0	1
50	7	0	2
51	0	1	0
51	1	1	0
51	2	1	0
51	3	1	0
51	4	1	2
51	5	1	1
51	6	1	1
51	7	1	1
52	0	1	0
52	1	1	0
52	2	1	0
52	3	1	0
52	4	1	2
52	5	1	2
52	6	1	1
52	7	1	2
53	0	0	0
53	1	0	0
53	2	0	0
53	3	0	0
53	4	0	2
53	5	0	2
53	6	0	1
53	7	0	1
54	0	2	1
54	1	2	2
54	2	2	2
54	3	2	2
54	4	2	2
54	5	2	2
54	6	2	2
54	7	2	2
55	0	1	1
55	1	1	0
55	2	1	1
55	3	1	0
55	4	1	2
55	5	1	1
55	6	1	1
55	7	1	2
56	0	1	1
56	1	1	0
56	2	1	1
56	3	1	1
56	4	1	1
56	5	1	1
56	6	1	1
56	7	1	2
57	0	2	1
57	1	2	2
57	2	2	2
57	3	2	2
57	4	2	2
57	5	2	2
57	6	2	2
57	7	2	2
58	0	1	0
58	1	1	0
58	2	1	1
58	3	1	0
58	4	1	2
58	5	1	2
58	6	1	1
58	7	1	2
59	0	2	0
59	1	2	1
59	2	2	2
59	3	2	2
59	4	2	2
59	5	2	1
59	6	2	2
59	7	2	2
60	0	0	0
60	1	0	0
60	2	0	0
60	3	0	0
60	4	0	2
60	5	0	2
60	6	0	1
60	7	0	2
61	0	0	0
61	1	0	0
61	2	0	1
61	3	0	0
61	4	0	2
61	5	0	1
61	6	0	1
61	7	0	2
62	0	0	0
62	1	0	2
62	2	0	0
62	3	0	0
62	4	0	2
62	5	0	0
62	6	0	1
62	7	0	2
63	0	1	2
63	1	1	0
63	2	1	0
63	3	1	0
63	4	1	2
63	5	1	2
63	6	1	1
63	7	1	2
64	0	0	0
64	1	0	0
64	2	0	0
64	3	0	1
64	4	0	2
64	5	0	2
64	6	0	1
64	7	0	2
65	0	2	1
65	1	2	1
65	2	2	2
65	3	2	2
65	4	2	1
65	5	2	2
65	6	2	1
65	7	2	2
66	0	2	2
66	1	2	2
66	2	2	2
66	3	2	2
66	4	2	1
66	5	2	2
66	6	2	2
66	7	2	2
67	0	2	2
67	1	2	1
67	2	2	2
67	3	2	2
67	4	2	2
67	5	2	2
67	6	2	2
67	7	2	2
68	0	0	0
68	1	0	0
68	2	0	0
68	3	0	0
68	4	0	2
68	5	0	2
68	6	0	1
68	7	0	2
69	0	1	1
69	1	1	0
69	2	1	1
69	3	1	0
69	4	1	2
69	5	1	1
69	6	1	1
69	7	1	2
70	0	1	1
70	1	1	0
70	2	1	1
70	3	1	0
70	4	1	1
70	5	1	2
70	6	1	1
70	7	1	1
71	0	2	1
71	1	2	0
71	2	2	2
71	3	2	2
71	4	2	2
71	5	2	2
71	6	2	2
71	7	2	1
72	0	2	1
72	1	2	1
72	2	2	2
72	3	2	2
72	4	2	2
72	5	2	2
72	6	2	2
72	7	2	1
73	0	2	0
73	1	2	0
73	2	2	2
73	3	2	2
73	4	2	2
73	5	2	2
73	6	2	2
73	7	2	2
74	0	0	0
74	1	0	0
74	2	0	0
74	3	0	0
74	4	0	2
74	5	0	2
74	6	0	1
74	7	0	2
75	0	0	0
75	1	0	0
75	2	0	0
75	3	0	0
75	4	0	2
75	5	0	2
75	6	0	1
75	7	0	2
76	0	2	1
76	1	2	1
76	2	2	2
76	3	2	2
76	4	2	2
76	5	2	2
76	6	2	2
76	7	2	2
77	0	0	0
77	1	0	0
77	2	0	0
77	3	0	0
77	4	0	1
77	5	0	2
77	6	0	1
77	7	0	1
78	0	2	1
78	1	2	2
78	2	2	2
78	3	2	2
78	4	2	2
78	5	2	2
78	6	2	2
78	7	2	2
79	0	0	0
79	1	0	0
79	2	0	0
79	3	0	0
79	4	0	2
79	5	0	2
79	6	0	1
79	7	0	1
80	0	1	1
80	1	1	1
80	2	1	1
80	3	1	2
80	4	1	1
80	5	1	1
80	6	1	1
80	7	1	2
81	0	0	0
81	1	0	0
81	2	0	0
81	3	0	0
81	4	0	2
81	5	0	2
81	6	0	1
81	7	0	2
82	0	0	0
82	1	0	0
82	2	0	0
82	3	0	0
82	4	0	2
82	5	0	2
82	6	0	1
82	7	0	1
83	0	1	0
83	1	1	0
83	2	1	0
83	3	1	0
83	4	1	2
83	5	1	2
83	6	1	1
83	7	1	2
84	0	0	0
84	1	0	0
84	2	0	0
84	3	0	2
84	4	0	2
84	5	0	2
84	6	0	1
84	7	0	2
85	0	1	1
85	1	1	2
85	2	1	1
85	3	1	1
85	4	1	1
85	5	1	1
85	6	1	1
85	7	1	1
86	0	1	0
86	1	1	0
86	2	1	1
86	3	1	1
86	4	1	2
86	5	1	1
86	6	1	1
86	7	1	2
87	0	1	1
87	1	1	0
87	2	1	1
87	3	1	1
87	4	1	2
87	5	1	1
87	6	1	1
87	7	1	1
88	0	1	0
88	1	1	0
88	2	1	0
88	3	1	2
88	4	1	2
88	5	1	2
88	6	1	1
88	7	1	2
89	0	2	0
89	1	2	1
89	2	2	0
89	3	2	0
89	4	2	2
89	5	2	2
89	6	2	2
89	7	2	2
90	0	2	0
90	1	2	1
90	2	2	2
90	3	2	2
90	4	2	2
90	5	2	2
90	6	2	2
90	7	2	2
91	0	2	1
91	1	2	1
91	2	2	2
91	3	2	2
91	4	2	2
91	5	2	1
91	6	2	2
91	7	2	2
92	0	2	1
92	1	2	1
92	2	2	2
92	3	2	2
92	4	2	2
92	5	2	2
92	6	2	2
92	7	2	2
93	0	2	1
93	1	2	1
93	2	2	2
93	3	2	2
93	4	2	2
93	5	2	2
93	6	2	2
93	7	2	2
94	0	2	2
94	1	2	1
94	2	2	2
94	3	2	2
94	4	2	2
94	5	2	1
94	6	2	2
94	7	2	2
95	0	2	1
95	1	2	0
95	2	2	2
95	3	2	2
95	4	2	1
95	5	2	2
95	6	2	1
95	7	2	2
96	0	2	1
96	1	2	2
96	2	2	1
96	3	2	1
96	4	2	2
96	5	2	2
96	6	2	1
96	7	2	2
97	0	2	0
97	1	2	2
97	2	2	2
97	3	2	1
97	4	2	2
97	5	2	1
97	6	2	2
97	7	2	2
98	0	1	1
98	1	1	0
98	2	1	1
98	3	1	0
98	4	1	2
98	5	1	2
98	6	1	1
98	7	1	2
99	0	1	1
99	1	1	0
99	2	1	2
99	3	1	2
99	4	1	2
99	5	1	2
99	6	1	1
99	7	1	1
100	0	2	2
100	1	2	2
100	2	2	2
100	3	2	2
100	4	2	2
100	5	2	2
100	6	2	2
100	7	2	2
101	0	2	2
101	1	2	2
101	2	2	2
101	3	2	2
101	4	2	2
101	5	2	2
101	6	2	2
101	7	2	2
102	0	0	0
102	1	0	0
102	2	0	0
102	3	0	0
102	4	0	2
102	5	0	1
102	6	0	1
102	7	0	2
103	0	2	1
103	1	2	0
103	2	2	2
103	3	2	2
103	4	2	2
103	5	2	2
103	6	2	2
103	7	2	1
104	0	0	0
104	1	0	0
104	2	0	0
104	3	0	0
104	4	0	1
104	5	0	1
104	6	0	1
104	7	0	2
105	0	2	1
105	1	2	2
105	2	2	2
105	3	2	2
105	4	2	2
105	5	2	2
105	6	2	2
105	7	2	1
106	0	2	1
106	1	2	2
106	2	2	2
106	3	2	2
106	4	2	2
106	5	2	1
106	6	2	2
106	7	2	2
107	0	1	0
107	1	1	1
107	2	1	1
107	3	1	0
107	4	1	2
107	5	1	1
107	6	1	1
107	7	1	2
108	0	2	0
108	1	2	0
108	2	2	2
108	3	2	2
108	4	2	1
108	5	2	2
108	6	2	2
108	7	2	2
109	0	0	0
109	1	0	0
109	2	0	0
109	3	0	0
109	4	0	2
109	5	0	1
109	6	0	1
109	7	0	1
110	0	0	0
110	1	0	0
110	2	0	0
110	3	0	0
110	4	0	2
110	5	0	2
110	6	0	1
110	7	0	2
111	0	0	0
111	1	0	0
111	2	0	0
111	3	0	0
111	4	0	2
111	5	0	2
111	6	0	1
111	7	0	2
112	0	1	1
112	1	1	0
112	2	1	1
112	3	1	0
112	4	1	2
112	5	1	1
112	6	1	1
112	7	1	1
113	0	1	0
113	1	1	0
113	2	1	0
113	3	1	1
113	4	1	2
113	5	1	2
113	6	1	1
113	7	1	2
114	0	2	0
114	1	2	2
114	2	2	1
114	3	2	1
114	4	2	2
114	5	2	1
114	6	2	1
114	7	2	2
115	0	1	1
115	1	1	0
115	2	1	1
115	3	1	0
115	4	1	2
115	5	1	2
115	6	1	1
115	7	1	2
116	0	0	1
116	1	0	0
116	2	0	0
116	3	0	0
116	4	0	2
116	5	0	2
116	6	0	1
116	7	0	2
117	0	2	1
117	1	2	2
117	2	2	2
117	3	2	2
117	4	2	2
117	5	2	1
117	6	2	2
117	7	2	1
118	0	2	1
118	1	2	0
118	2	2	1
118	3	2	2
118	4	2	2
118	5	2	2
118	6	2	2
118	7	2	1
119	0	1	0
119	1	1	0
119	2	1	1
119	3	1	1
119	4	1	2
119	5	1	2
119	6	1	1
119	7	1	2
120	0	0	0
120	1	0	0
120	2	0	0
120	3	0	0
120	4	0	2
120	5	0	1
120	6	0	1
120	7	0	1
121	0	2	1
121	1	2	2
121	2	2	2
121	3	2	2
121	4	2	1
121	5	2	1
121	6	2	2
121	7	2	2
122	0	1	2
122	1	1	1
122	2	1	0
122	3	1	1
122	4	1	2
122	5	1	2
122	6	1	1
122	7	1	1
123	0	2	2
123	1	2	2
123	2	2	2
123	3	2	2
123	4	2	2
123	5	2	2
123	6	2	2
123	7	2	2
124	0	2	2
124	1	2	2
124	2	2	2
124	3	2	2
124	4	2	2
124	5	2	2
124	6	2	2
124	7	2	2
125	0	2	1
125	1	2	1
125	2	2	2
125	3	2	2
125	4	2	2
125	5	2	0
125	6	2	2
125	7	2	2
126	0	0	0
126	1	0	0
126	2	0	0
126	3	0	0
126	4	0	2
126	5	0	2
126	6	0	1
126	7	0	2
127	0	2	2
127	1	2	2
127	2	2	2
127	3	2	2
127	4	2	2
127	5	2	1
127	6	2	2
127	7	2	1
128	0	1	1
128	1	1	2
128	2	1	1
128	3	1	0
128	4	1	2
128	5	1	2
128	6	1	1
128	7	1	1
129	0	1	0
129	1	1	0
129	2	1	0
129	3	1	0
129	4	1	2
129	5	1	2
129	6	1	1
129	7	1	2
130	0	1	0
130	1	1	0
130	2	1	0
130	3	1	1
130	4	1	2
130	5	1	1
130	6	1	1
130	7	1	2
131	0	1	0
131	1	1	0
131	2	1	1
131	3	1	0
131	4	1	2
131	5	1	2
131	6	1	1
131	7	1	2
132	0	2	1
132	1	2	1
132	2	2	2
132	3	2	2
132	4	2	1
132	5	2	2
132	6	2	2
132	7	2	2
133	0	2	1
133	1	2	1
133	2	2	2
133	3	2	2
133	4	2	2
133	5	2	2
133	6	2	2
133	7	2	2
134	0	2	1
134	1	2	1
134	2	2	1
134	3	2	2
134	4	2	2
134	5	2	2
134	6	2	2
134	7	2	2
135	0	2	1
135	1	2	1
135	2	2	2
135	3	2	2
135	4	2	2
135	5	2	1
135	6	2	2
135	7	2	2
136	0	1	1
136	1	1	0
136	2	1	0
136	3	1	0
136	4	1	2
136	5	1	1
136	6	1	1
136	7	1	2
137	0	0	0
137	1	0	0
137	2	0	1
137	3	0	0
137	4	0	2
137	5	0	1
137	6	0	1
137	7	0	2
138	0	2	1
138	1	2	1
138	2	2	2
138	3	2	2
138	4	2	2
138	5	2	1
138	6	2	2
138	7	2	2
139	0	0	0
139	1	0	0
139	2	0	0
139	3	0	0
139	4	0	2
139	5	0	1
139	6	0	1
139	7	0	1
140	0	1	0
140	1	1	0
140	2	1	1
140	3	1	0
140	4	1	1
140	5	1	1
140	6	1	1
140	7	1	1
141	0	0	0
141	1	0	0
141	2	0	1
141	3	0	0
141	4	0	2
141	5	0	1
141	6	0	1
141	7	0	2
142	0	0	0
142	1	0	0
142	2	0	1
142	3	0	0
142	4	0	2
142	5	0	2
142	6	0	1
142	7	0	2
143	0	0	1
143	1	0	0
143	2	0	0
143	3	0	0
143	4	0	2
143	5	0	2
143	6	0	1
143	7	0	2
144	0	0	0
144	1	0	0
144	2	0	0
144	3	0	0
144	4	0	2
144	5	0	2
144	6	0	1
144	7	0	2
145	0	1	0
145	1	1	0
145	2	1	1
145	3	1	0
145	4	1	2
145	5	1	2
145	6	1	1
145	7	1	2
146	0	2	1
146	1	2	1
146	2	2	2
146	3	2	2
146	4	2	2
146	5	2	2
146	6	2	2
146	7	2	2
147	0	1	0
147	1	1	2
147	2	1	0
147	3	1	0
147	4	1	2
147	5	1	2
147	6	1	1
147	7	1	2
148	0	1	1
148	1	1	0
148	2	1	2
148	3	1	1
148	4	1	2
148	5	1	2
148	6	1	1
148	7	1	2
149	0	1	0
149	1	1	0
149	2	1	1
149	3	1	1
149	4	1	2
149	5	1	1
149	6	1	1
149	7	1	2
150	0	1	0
150	1	1	0
150	2	1	1
150	3	1	0
150	4	1	2
150	5	1	1
150	6	1	1
150	7	1	1
151	0	1	0
151	1	1	1
151	2	1	1
151	3	1	0
151	4	1	2
151	5	1	2
151	6	1	1
151	7	1	1
152	0	1	0
152	1	1	0
152	2	1	1
152	3	1	0
152	4	1	1
152	5	1	2
152	6	1	1
152	7	1	1
153	0	1	1
153	1	1	0
153	2	1	1
153	3	1	0
153	4	1	2
153	5	1	1
153	6	1	1
153	7	1	2
154	0	1	0
154	1	1	0
154	2	1	1
154	3	1	0
154	4	1	2
154	5	1	2
154	6	1	1
154	7	1	2
155	0	1	0
155	1	1	0
155	2	1	1
155	3	1	0
155	4	1	1
155	5	1	2
155	6	1	1
155	7	1	1
156	0	1	1
156	1	1	0
156	2	1	1
156	3	1	2
156	4	1	2
156	5	1	2
156	6	1	1
156	7	1	2
157	0	0	0
157	1	0	0
157	2	0	0
157	3	0	0
157	4	0	2
157	5	0	1
157	6	0	1
157	7	0	2
158	0	1	0
158	1	1	0
158	2	1	0
158	3	1	0
158	4	1	1
158	5	1	2
158	6	1	1
158	7	1	2
159	0	0	0
159	1	0	0
159	2	0	0
159	3	0	0
159	4	0	2
159	5	0	1
159	6	0	1
159	7	0	1
160	0	0	0
160	1	0	0
160	2	0	0
160	3	0	0
160	4	0	2
160	5	0	1
160	6	0	1
160	7	0	2
161	0	0	0
161	1	0	0
161	2	0	0
161	3	0	0
161	4	0	2
161	5	0	1
161	6	0	1
161	7	0	2
162	0	0	0
162	1	0	0
162	2	0	0
162	3	0	0
162	4	0	2
162	5	0	2
162	6	0	1
162	7	0	1
163	0	0	0
163	1	0	0
163	2	0	0
163	3	0	0
163	4	0	2
163	5	0	0
163	6	0	1
163	7	0	2
164	0	0	0
164	1	0	0
164	2	0	0
164	3	0	0
164	4	0	1
164	5	0	0
164	6	0	1
164	7	0	0
165	0	0	0
165	1	0	0
165	2	0	0
165	3	0	0
165	4	0	2
165	5	0	2
165	6	0	1
165	7	0	2
166	0	1	1
166	1	1	0
166	2	1	1
166	3	1	1
166	4	1	2
166	5	1	2
166	6	1	1
166	7	1	2
167	0	1	0
167	1	1	0
167	2	1	1
167	3	1	0
167	4	1	2
167	5	1	1
167	6	1	1
167	7	1	2
168	0	2	1
168	1	2	2
168	2	2	2
168	3	2	2
168	4	2	2
168	5	2	2
168	6	2	2
168	7	2	2
169	0	1	0
169	1	1	0
169	2	1	0
169	3	1	0
169	4	1	2
169	5	1	2
169	6	1	1
169	7	1	2
170	0	0	0
170	1	0	0
170	2	0	0
170	3	0	0
170	4	0	2
170	5	0	1
170	6	0	1
170	7	0	2
171	0	1	0
171	1	1	0
171	2	1	1
171	3	1	1
171	4	1	1
171	5	1	2
171	6	1	1
171	7	1	1
172	0	0	0
172	1	0	0
172	2	0	0
172	3	0	0
172	4	0	2
172	5	0	2
172	6	0	1
172	7	0	1
173	0	0	0
173	1	0	0
173	2	0	1
173	3	0	0
173	4	0	2
173	5	0	2
173	6	0	1
173	7	0	2
174	0	2	1
174	1	2	0
174	2	2	2
174	3	2	2
174	4	2	2
174	5	2	2
174	6	2	2
174	7	2	2
175	0	1	1
175	1	1	0
175	2	1	1
175	3	1	0
175	4	1	2
175	5	1	2
175	6	1	1
175	7	1	2
176	0	0	0
176	1	0	0
176	2	0	0
176	3	0	0
176	4	0	1
176	5	0	1
176	6	0	1
176	7	0	2
177	0	0	0
177	1	0	0
177	2	0	0
177	3	0	0
177	4	0	2
177	5	0	2
177	6	0	2
177	7	0	1
178	0	1	1
178	1	1	0
178	2	1	1
178	3	1	0
178	4	1	1
178	5	1	2
178	6	1	1
178	7	1	2
179	0	2	1
179	1	2	1
179	2	2	2
179	3	2	2
179	4	2	2
179	5	2	1
179	6	2	2
179	7	2	2
180	0	0	1
180	1	0	0
180	2	0	0
180	3	0	0
180	4	0	1
180	5	0	0
180	6	0	1
180	7	0	2
181	0	0	0
181	1	0	0
181	2	0	0
181	3	0	0
181	4	0	2
181	5	0	2
181	6	0	1
181	7	0	2
182	0	2	2
182	1	2	2
182	2	2	2
182	3	2	2
182	4	2	2
182	5	2	2
182	6	2	2
182	7	2	2
183	0	2	1
183	1	2	1
183	2	2	1
183	3	2	2
183	4	2	2
183	5	2	1
183	6	2	2
183	7	2	2
184	0	0	0
184	1	0	0
184	2	0	0
184	3	0	0
184	4	0	2
184	5	0	0
184	6	0	1
184	7	0	2
185	0	2	0
185	1	2	2
185	2	2	2
185	3	2	2
185	4	2	2
185	5	2	2
185	6	2	2
185	7	2	2
186	0	1	1
186	1	1	0
186	2	1	1
186	3	1	2
186	4	1	2
186	5	1	2
186	6	1	1
186	7	1	2
187	0	2	1
187	1	2	2
187	2	2	2
187	3	2	2
187	4	2	2
187	5	2	2
187	6	2	2
187	7	2	2
188	0	2	1
188	1	2	1
188	2	2	2
188	3	2	2
188	4	2	2
188	5	2	1
188	6	2	2
188	7	2	2
189	0	2	1
189	1	2	1
189	2	2	2
189	3	2	2
189	4	2	2
189	5	2	2
189	6	2	2
189	7	2	2
190	0	2	0
190	1	2	1
190	2	2	2
190	3	2	2
190	4	2	1
190	5	2	2
190	6	2	2
190	7	2	2
191	0	0	1
191	1	0	0
191	2	0	0
191	3	0	0
191	4	0	2
191	5	0	2
191	6	0	1
191	7	0	2
192	0	2	1
192	1	2	2
192	2	2	1
192	3	2	2
192	4	2	1
192	5	2	2
192	6	2	1
192	7	2	2
193	0	1	1
193	1	1	0
193	2	1	1
193	3	1	1
193	4	1	2
193	5	1	1
193	6	1	1
193	7	1	2
194	0	0	1
194	1	0	0
194	2	0	0
194	3	0	0
194	4	0	1
194	5	0	1
194	6	0	1
194	7	0	2
195	0	0	0
195	1	0	0
195	2	0	0
195	3	0	0
195	4	0	2
195	5	0	1
195	6	0	1
195	7	0	2
196	0	1	0
196	1	1	0
196	2	1	1
196	3	1	0
196	4	1	2
196	5	1	2
196	6	1	1
196	7	1	2
197	0	0	0
197	1	0	0
197	2	0	1
197	3	0	0
197	4	0	2
197	5	0	2
197	6	0	1
197	7	0	1
198	0	2	1
198	1	2	0
198	2	2	2
198	3	2	2
198	4	2	2
198	5	2	2
198	6	2	2
198	7	2	2
199	0	2	1
199	1	2	2
199	2	2	2
199	3	2	2
199	4	2	2
199	5	2	2
199	6	2	2
199	7	2	2
200	0	1	1
200	1	1	0
200	2	1	1
200	3	1	2
200	4	1	2
200	5	1	1
200	6	1	1
200	7	1	2
201	0	2	0
201	1	2	1
201	2	2	2
201	3	2	2
201	4	2	2
201	5	2	2
201	6	2	2
201	7	2	2
202	0	1	0
202	1	1	0
202	2	1	0
202	3	1	0
202	4	1	2
202	5	1	1
202	6	1	1
202	7	1	1
203	0	2	1
203	1	2	2
203	2	2	2
203	3	2	2
203	4	2	2
203	5	2	1
203	6	2	2
203	7	2	2
204	0	2	2
204	1	2	1
204	2	2	2
204	3	2	2
204	4	2	2
204	5	2	2
204	6	2	2
204	7	2	1
205	0	2	1
205	1	2	1
205	2	2	2
205	3	2	2
205	4	2	2
205	5	2	2
205	6	2	2
205	7	2	1
206	0	1	1
206	1	1	0
206	2	1	1
206	3	1	0
206	4	1	2
206	5	1	2
206	6	1	1
206	7	1	2
207	0	2	1
207	1	2	1
207	2	2	2
207	3	2	2
207	4	2	2
207	5	2	1
207	6	2	2
207	7	2	2
208	0	2	1
208	1	2	1
208	2	2	1
208	3	2	1
208	4	2	2
208	5	2	2
208	6	2	1
208	7	2	2
209	0	0	0
209	1	0	0
209	2	0	0
209	3	0	0
209	4	0	2
209	5	0	1
209	6	0	1
209	7	0	1
210	0	2	1
210	1	2	2
210	2	2	2
210	3	2	2
210	4	2	2
210	5	2	2
210	6	2	2
210	7	2	2
211	0	2	2
211	1	2	2
211	2	2	2
211	3	2	2
211	4	2	2
211	5	2	2
211	6	2	2
211	7	2	2
212	0	2	2
212	1	2	2
212	2	2	2
212	3	2	2
212	4	2	2
212	5	2	2
212	6	2	2
212	7	2	2
213	0	0	0
213	1	0	0
213	2	0	0
213	3	0	0
213	4	0	2
213	5	0	1
213	6	0	1
213	7	0	1
214	0	0	0
214	1	0	0
214	2	0	0
214	3	0	0
214	4	0	2
214	5	0	2
214	6	0	1
214	7	0	2
215	0	0	0
215	1	0	0
215	2	0	0
215	3	0	0
215	4	0	1
215	5	0	2
215	6	0	1
215	7	0	1
216	0	1	0
216	1	1	0
216	2	1	1
216	3	1	0
216	4	1	2
216	5	1	2
216	6	1	1
216	7	1	2
217	0	2	1
217	1	2	2
217	2	2	2
217	3	2	2
217	4	2	2
217	5	2	1
217	6	2	2
217	7	2	1
218	0	2	1
218	1	2	2
218	2	2	1
218	3	2	2
218	4	2	2
218	5	2	2
218	6	2	2
218	7	2	2
219	0	2	0
219	1	2	1
219	2	2	2
219	3	2	2
219	4	2	2
219	5	2	2
219	6	2	2
219	7	2	2
220	0	2	0
220	1	2	1
220	2	2	2
220	3	2	2
220	4	2	2
220	5	2	2
220	6	2	2
220	7	2	2
221	0	2	0
221	1	2	1
221	2	2	2
221	3	2	2
221	4	2	2
221	5	2	2
221	6	2	2
221	7	2	1
222	0	2	0
222	1	2	1
222	2	2	2
222	3	2	2
222	4	2	2
222	5	2	2
222	6	2	2
222	7	2	2
223	0	2	0
223	1	2	1
223	2	2	2
223	3	2	2
223	4	2	2
223	5	2	2
223	6	2	2
223	7	2	2
224	0	2	0
224	1	2	1
224	2	2	2
224	3	2	2
224	4	2	2
224	5	2	2
224	6	2	2
224	7	2	2
225	0	1	0
225	1	1	0
225	2	1	2
225	3	1	0
225	4	1	1
225	5	1	0
225	6	1	1
225	7	1	0
226	0	0	0
226	1	0	0
226	2	0	0
226	3	0	0
226	4	0	1
226	5	0	2
226	6	0	1
226	7	0	1
227	0	2	0
227	1	2	1
227	2	2	2
227	3	2	2
227	4	2	2
227	5	2	2
227	6	2	2
227	7	2	1
228	0	1	0
228	1	1	0
228	2	1	1
228	3	1	1
228	4	1	1
228	5	1	2
228	6	1	1
228	7	1	2
229	0	1	1
229	1	1	0
229	2	1	2
229	3	1	2
229	4	1	2
229	5	1	2
229	6	1	2
229	7	1	2
230	0	2	1
230	1	2	1
230	2	2	2
230	3	2	2
230	4	2	2
230	5	2	2
230	6	2	2
230	7	2	1
231	0	2	1
231	1	2	1
231	2	2	2
231	3	2	2
231	4	2	2
231	5	2	2
231	6	2	2
231	7	2	2
232	0	0	0
232	1	0	0
232	2	0	0
232	3	0	0
232	4	0	2
232	5	0	2
232	6	0	1
232	7	0	2
233	0	2	1
233	1	2	1
233	2	2	2
233	3	2	2
233	4	2	2
233	5	2	1
233	6	2	2
233	7	2	2
234	0	2	1
234	1	2	1
234	2	2	2
234	3	2	2
234	4	2	2
234	5	2	2
234	6	2	2
234	7	2	2
235	0	1	0
235	1	1	0
235	2	1	1
235	3	1	0
235	4	1	2
235	5	1	2
235	6	1	1
235	7	1	2
236	0	1	1
236	1	1	0
236	2	1	1
236	3	1	2
236	4	1	2
236	5	1	2
236	6	1	1
236	7	1	1
237	0	1	1
237	1	1	0
237	2	1	0
237	3	1	1
237	4	1	2
237	5	1	2
237	6	1	1
237	7	1	2
238	0	1	0
238	1	1	0
238	2	1	1
238	3	1	0
238	4	1	2
238	5	1	2
238	6	1	1
238	7	1	2
239	0	1	0
239	1	1	0
239	2	1	1
239	3	1	0
239	4	1	2
239	5	1	2
239	6	1	1
239	7	1	2
240	0	1	1
240	1	1	0
240	2	1	1
240	3	1	0
240	4	1	2
240	5	1	2
240	6	1	1
240	7	1	2
241	0	2	0
241	1	2	1
241	2	2	2
241	3	2	2
241	4	2	2
241	5	2	2
241	6	2	2
241	7	2	2
242	0	0	0
242	1	0	0
242	2	0	0
242	3	0	0
242	4	0	2
242	5	0	1
242	6	0	1
242	7	0	2
243	0	1	0
243	1	1	0
243	2	1	0
243	3	1	0
243	4	1	2
243	5	1	1
243	6	1	1
243	7	1	2
244	0	1	0
244	1	1	1
244	2	1	1
244	3	1	0
244	4	1	1
244	5	1	1
244	6	1	1
244	7	1	1
245	0	0	0
245	1	0	0
245	2	0	0
245	3	0	0
245	4	0	2
245	5	0	2
245	6	0	1
245	7	0	2
246	0	1	1
246	1	1	0
246	2	1	1
246	3	1	0
246	4	1	2
246	5	1	2
246	6	1	1
246	7	1	2
247	0	0	0
247	1	0	0
247	2	0	0
247	3	0	0
247	4	0	2
247	5	0	2
247	6	0	1
247	7	0	2
248	0	1	0
248	1	1	0
248	2	1	1
248	3	1	1
248	4	1	1
248	5	1	2
248	6	1	1
248	7	1	2
249	0	1	0
249	1	1	0
249	2	1	2
249	3	1	0
249	4	1	2
249	5	1	2
249	6	1	1
249	7	1	2
250	0	2	1
250	1	2	2
250	2	2	2
250	3	2	2
250	4	2	2
250	5	2	2
250	6	2	1
250	7	2	2
251	0	0	1
251	1	0	0
251	2	0	1
251	3	0	0
251	4	0	2
251	5	0	1
251	6	0	1
251	7	0	2
252	0	0	0
252	1	0	2
252	2	0	0
252	3	0	2
252	4	0	2
252	5	0	2
252	6	0	1
252	7	0	2
253	0	0	0
253	1	0	0
253	2	0	0
253	3	0	0
253	4	0	2
253	5	0	1
253	6	0	1
253	7	0	1
254	0	2	2
254	1	2	2
254	2	2	2
254	3	2	2
254	4	2	2
254	5	2	2
254	6	2	2
254	7	2	2
255	0	2	1
255	1	2	2
255	2	2	2
255	3	2	2
255	4	2	2
255	5	2	2
255	6	2	2
255	7	2	2
256	0	0	0
256	1	0	0
256	2	0	0
256	3	0	0
256	4	0	2
256	5	0	2
256	6	0	1
256	7	0	2
257	0	0	0
257	1	0	0
257	2	0	0
257	3	0	0
257	4	0	1
257	5	0	2
257	6	0	1
257	7	0	2
258	0	2	2
258	1	2	2
258	2	2	2
258	3	2	2
258	4	2	1
258	5	2	1
258	6	2	2
258	7	2	2
259	0	2	1
259	1	2	1
259	2	2	2
259	3	2	2
259	4	2	2
259	5	2	2
259	6	2	2
259	7	2	2
260	0	2	1
260	1	2	1
260	2	2	2
260	3	2	2
260	4	2	2
260	5	2	2
260	6	2	2
260	7	2	2
261	0	1	0
261	1	1	1
261	2	1	0
261	3	1	0
261	4	1	2
261	5	1	1
261	6	1	1
261	7	1	2
262	0	2	2
262	1	2	2
262	2	2	2
262	3	2	2
262	4	2	2
262	5	2	1
262	6	2	1
262	7	2	1
263	0	2	1
263	1	2	2
263	2	2	2
263	3	2	2
263	4	2	2
263	5	2	1
263	6	2	2
263	7	2	2
264	0	1	0
264	1	1	0
264	2	1	1
264	3	1	0
264	4	1	2
264	5	1	1
264	6	1	1
264	7	1	2
265	0	2	0
265	1	2	1
265	2	2	2
265	3	2	2
265	4	2	2
265	5	2	2
265	6	2	1
265	7	2	2
266	0	2	0
266	1	2	0
266	2	2	2
266	3	2	2
266	4	2	1
266	5	2	2
266	6	2	2
266	7	2	1
267	0	0	0
267	1	0	0
267	2	0	1
267	3	0	0
267	4	0	2
267	5	0	1
267	6	0	0
267	7	0	2
268	0	0	1
268	1	0	0
268	2	0	1
268	3	0	1
268	4	0	2
268	5	0	2
268	6	0	1
268	7	0	2
269	0	0	0
269	1	0	0
269	2	0	0
269	3	0	0
269	4	0	2
269	5	0	2
269	6	0	0
269	7	0	2
270	0	2	1
270	1	2	2
270	2	2	2
270	3	2	2
270	4	2	2
270	5	2	1
270	6	2	2
270	7	2	1
271	0	0	0
271	1	0	0
271	2	0	0
271	3	0	0
271	4	0	2
271	5	0	2
271	6	0	1
271	7	0	1
272	0	1	0
272	1	1	0
272	2	1	1
272	3	1	0
272	4	1	2
272	5	1	2
272	6	1	1
272	7	1	2
273	0	1	0
273	1	1	0
273	2	1	0
273	3	1	0
273	4	1	2
273	5	1	2
273	6	1	1
273	7	1	2
274	0	1	0
274	1	1	2
274	2	1	1
274	3	1	1
274	4	1	2
274	5	1	2
274	6	1	1
274	7	1	1
275	0	1	0
275	1	1	0
275	2	1	1
275	3	1	0
275	4	1	2
275	5	1	2
275	6	1	1
275	7	1	2
276	0	1	1
276	1	1	0
276	2	1	0
276	3	1	1
276	4	1	2
276	5	1	2
276	6	1	1
276	7	1	2
277	0	2	2
277	1	2	2
277	2	2	2
277	3	2	2
277	4	2	2
277	5	2	2
277	6	2	2
277	7	2	2
278	0	1	1
278	1	1	1
278	2	1	1
278	3	1	2
278	4	1	1
278	5	1	1
278	6	1	2
278	7	1	1
279	0	2	0
279	1	2	1
279	2	2	2
279	3	2	2
279	4	2	2
279	5	2	2
279	6	2	2
279	7	2	2
280	0	1	0
280	1	1	0
280	2	1	0
280	3	1	2
280	4	1	2
280	5	1	2
280	6	1	1
280	7	1	1
281	0	2	0
281	1	2	1
281	2	2	2
281	3	2	0
281	4	2	2
281	5	2	2
281	6	2	1
281	7	2	1
282	0	1	0
282	1	1	1
282	2	1	0
282	3	1	1
282	4	1	1
282	5	1	1
282	6	1	1
282	7	1	1
283	0	0	0
283	1	0	0
283	2	0	0
283	3	0	0
283	4	0	2
283	5	0	2
283	6	0	1
283	7	0	2
284	0	2	2
284	1	2	2
284	2	2	2
284	3	2	2
284	4	2	2
284	5	2	1
284	6	2	2
284	7	2	2
285	0	1	1
285	1	1	0
285	2	1	0
285	3	1	1
285	4	1	2
285	5	1	2
285	6	1	1
285	7	1	2
286	0	2	1
286	1	2	1
286	2	2	2
286	3	2	2
286	4	2	1
286	5	2	2
286	6	2	2
286	7	2	2
287	0	1	1
287	1	1	0
287	2	1	1
287	3	1	1
287	4	1	2
287	5	1	1
287	6	1	1
287	7	1	1
288	0	0	0
288	1	0	0
288	2	0	0
288	3	0	0
288	4	0	2
288	5	0	2
288	6	0	1
288	7	0	2
289	0	2	1
289	1	2	1
289	2	2	2
289	3	2	2
289	4	2	2
289	5	2	2
289	6	2	2
289	7	2	1
290	0	2	2
290	1	2	2
290	2	2	2
290	3	2	2
290	4	2	2
290	5	2	1
290	6	2	2
290	7	2	2
291	0	2	1
291	1	2	2
291	2	2	2
291	3	2	2
291	4	2	2
291	5	2	2
291	6	2	2
291	7	2	2
292	0	1	0
292	1	1	0
292	2	1	0
292	3	1	0
292	4	1	1
292	5	1	2
292	6	1	2
292	7	1	2
293	0	0	0
293	1	0	0
293	2	0	0
293	3	0	0
293	4	0	2
293	5	0	2
293	6	0	1
293	7	0	1
294	0	0	0
294	1	0	0
294	2	0	0
294	3	0	0
294	4	0	1
294	5	0	0
294	6	0	1
294	7	0	1
295	0	0	0
295	1	0	0
295	2	0	0
295	3	0	0
295	4	0	2
295	5	0	2
295	6	0	1
295	7	0	1
296	0	0	0
296	1	0	0
296	2	0	0
296	3	0	0
296	4	0	2
296	5	0	2
296	6	0	1
296	7	0	2
297	0	1	2
297	1	1	0
297	2	1	1
297	3	1	1
297	4	1	2
297	5	1	2
297	6	1	1
297	7	1	2
298	0	0	0
298	1	0	0
298	2	0	0
298	3	0	0
298	4	0	2
298	5	0	1
298	6	0	1
298	7	0	2
299	0	1	1
299	1	1	0
299	2	1	1
299	3	1	0
299	4	1	2
299	5	1	2
299	6	1	1
299	7	1	2
300	0	2	0
300	1	2	0
300	2	2	2
300	3	2	2
300	4	2	2
300	5	2	2
300	6	2	2
300	7	2	2
301	0	1	1
301	1	1	0
301	2	1	1
301	3	1	2
301	4	1	2
301	5	1	2
301	6	1	1
301	7	1	1
302	0	0	1
302	1	0	0
302	2	0	0
302	3	0	0
302	4	0	2
302	5	0	0
302	6	0	1
302	7	0	2
303	0	2	1
303	1	2	1
303	2	2	2
303	3	2	2
303	4	2	2
303	5	2	2
303	6	2	2
303	7	2	1
304	0	2	1
304	1	2	1
304	2	2	2
304	3	2	2
304	4	2	2
304	5	2	2
304	6	2	2
304	7	2	2
305	0	2	2
305	1	2	1
305	2	2	2
305	3	2	2
305	4	2	2
305	5	2	2
305	6	2	2
305	7	2	2
306	0	2	1
306	1	2	2
306	2	2	2
306	3	2	2
306	4	2	2
306	5	2	2
306	6	2	2
306	7	2	2
307	0	2	1
307	1	2	1
307	2	2	2
307	3	2	2
307	4	2	1
307	5	2	2
307	6	2	2
307	7	2	2
308	0	2	1
308	1	2	2
308	2	2	2
308	3	2	2
308	4	2	2
308	5	2	1
308	6	2	2
308	7	2	2
309	0	2	0
309	1	2	2
309	2	2	1
309	3	2	2
309	4	2	2
309	5	2	2
309	6	2	2
309	7	2	2
310	0	2	1
310	1	2	1
310	2	2	2
310	3	2	2
310	4	2	2
310	5	2	2
310	6	2	2
310	7	2	1
311	0	0	0
311	1	0	0
311	2	0	0
311	3	0	0
311	4	0	2
311	5	0	2
311	6	0	1
311	7	0	2
312	0	1	0
312	1	1	0
312	2	1	1
312	3	1	0
312	4	1	2
312	5	1	2
312	6	1	0
312	7	1	2
313	0	2	1
313	1	2	1
313	2	2	2
313	3	2	2
313	4	2	2
313	5	2	2
313	6	2	1
313	7	2	2
314	0	2	1
314	1	2	2
314	2	2	2
314	3	2	2
314	4	2	2
314	5	2	1
314	6	2	2
314	7	2	2
315	0	2	1
315	1	2	1
315	2	2	2
315	3	2	2
315	4	2	1
315	5	2	2
315	6	2	2
315	7	2	2
316	0	1	1
316	1	1	1
316	2	1	1
316	3	1	1
316	4	1	1
316	5	1	2
316	6	1	1
316	7	1	1
317	0	2	1
317	1	2	1
317	2	2	1
317	3	2	2
317	4	2	2
317	5	2	2
317	6	2	2
317	7	2	2
318	0	2	1
318	1	2	2
318	2	2	1
318	3	2	2
318	4	2	2
318	5	2	2
318	6	2	1
318	7	2	2
319	0	2	0
319	1	2	2
319	2	2	2
319	3	2	2
319	4	2	2
319	5	2	2
319	6	2	2
319	7	2	2
320	0	1	1
320	1	1	0
320	2	1	1
320	3	1	1
320	4	1	2
320	5	1	2
320	6	1	1
320	7	1	1
321	0	1	0
321	1	1	0
321	2	1	0
321	3	1	2
321	4	1	2
321	5	1	1
321	6	1	1
321	7	1	2
322	0	0	0
322	1	0	0
322	2	0	0
322	3	0	0
322	4	0	2
322	5	0	1
322	6	0	1
322	7	0	1
323	0	2	1
323	1	2	1
323	2	2	2
323	3	2	2
323	4	2	2
323	5	2	2
323	6	2	2
323	7	2	2
324	0	0	1
324	1	0	0
324	2	0	0
324	3	0	0
324	4	0	1
324	5	0	0
324	6	0	1
324	7	0	2
325	0	0	0
325	1	0	0
325	2	0	0
325	3	0	0
325	4	0	2
325	5	0	0
325	6	0	1
325	7	0	2
326	0	2	0
326	1	2	1
326	2	2	2
326	3	2	2
326	4	2	2
326	5	2	1
326	6	2	2
326	7	2	1
327	0	0	0
327	1	0	0
327	2	0	1
327	3	0	0
327	4	0	2
327	5	0	2
327	6	0	1
327	7	0	2
328	0	2	2
328	1	2	2
328	2	2	2
328	3	2	2
328	4	2	2
328	5	2	2
328	6	2	2
328	7	2	2
329	0	1	1
329	1	1	0
329	2	1	1
329	3	1	0
329	4	1	1
329	5	1	0
329	6	1	1
329	7	1	1
330	0	1	1
330	1	1	0
330	2	1	1
330	3	1	1
330	4	1	2
330	5	1	2
330	6	1	1
330	7	1	2
331	0	0	0
331	1	0	0
331	2	0	0
331	3	0	1
331	4	0	1
331	5	0	2
331	6	0	1
331	7	0	2
332	0	2	1
332	1	2	1
332	2	2	2
332	3	2	2
332	4	2	2
332	5	2	2
332	6	2	2
332	7	2	1
333	0	2	1
333	1	2	2
333	2	2	2
333	3	2	2
333	4	2	2
333	5	2	2
333	6	2	2
333	7	2	2
334	0	1	1
334	1	1	0
334	2	1	1
334	3	1	0
334	4	1	2
334	5	1	2
334	6	1	1
334	7	1	2
335	0	0	0
335	1	0	0
335	2	0	0
335	3	0	0
335	4	0	2
335	5	0	2
335	6	0	1
335	7	0	2
336	0	2	1
336	1	2	1
336	2	2	2
336	3	2	2
336	4	2	2
336	5	2	2
336	6	2	2
336	7	2	2
337	0	2	0
337	1	2	2
337	2	2	2
337	3	2	2
337	4	2	2
337	5	2	2
337	6	2	1
337	7	2	2
338	0	2	1
338	1	2	2
338	2	2	2
338	3	2	2
338	4	2	2
338	5	2	2
338	6	2	2
338	7	2	2
339	0	1	0
339	1	1	2
339	2	1	2
339	3	1	2
339	4	1	2
339	5	1	2
339	6	1	1
339	7	1	2
340	0	2	1
340	1	2	0
340	2	2	2
340	3	2	2
340	4	2	2
340	5	2	2
340	6	2	2
340	7	2	1
341	0	1	0
341	1	1	0
341	2	1	0
341	3	1	1
341	4	1	1
341	5	1	1
341	6	1	1
341	7	1	2
342	0	2	2
342	1	2	2
342	2	2	2
342	3	2	2
342	4	2	2
342	5	2	2
342	6	2	2
342	7	2	2
343	0	2	1
343	1	2	1
343	2	2	2
343	3	2	2
343	4	2	2
343	5	2	1
343	6	2	2
343	7	2	2
344	0	2	1
344	1	2	0
344	2	2	2
344	3	2	2
344	4	2	2
344	5	2	1
344	6	2	2
344	7	2	1
345	0	2	0
345	1	2	2
345	2	2	1
345	3	2	2
345	4	2	2
345	5	2	2
345	6	2	2
345	7	2	2
346	0	0	2
346	1	0	0
346	2	0	0
346	3	0	0
346	4	0	2
346	5	0	2
346	6	0	1
346	7	0	2
347	0	1	1
347	1	1	0
347	2	1	1
347	3	1	1
347	4	1	2
347	5	1	1
347	6	1	1
347	7	1	1
348	0	2	0
348	1	2	2
348	2	2	1
348	3	2	2
348	4	2	2
348	5	2	2
348	6	2	1
348	7	2	2
349	0	1	1
349	1	1	0
349	2	1	0
349	3	1	0
349	4	1	2
349	5	1	1
349	6	1	1
349	7	1	2
350	0	0	0
350	1	0	0
350	2	0	1
350	3	0	0
350	4	0	2
350	5	0	1
350	6	0	1
350	7	0	2
351	0	0	0
351	1	0	0
351	2	0	0
351	3	0	1
351	4	0	1
351	5	0	2
351	6	0	1
351	7	0	2
352	0	2	0
352	1	2	1
352	2	2	2
352	3	2	2
352	4	2	2
352	5	2	2
352	6	2	2
352	7	2	2
353	0	2	1
353	1	2	1
353	2	2	2
353	3	2	2
353	4	2	2
353	5	2	1
353	6	2	2
353	7	2	2
354	0	1	1
354	1	1	0
354	2	1	1
354	3	1	0
354	4	1	2
354	5	1	2
354	6	1	2
354	7	1	2
355	0	2	2
355	1	2	2
355	2	2	2
355	3	2	2
355	4	2	2
355	5	2	2
355	6	2	1
355	7	2	2
356	0	1	1
356	1	1	0
356	2	1	1
356	3	1	0
356	4	1	2
356	5	1	2
356	6	1	1
356	7	1	2
357	0	1	1
357	1	1	0
357	2	1	2
357	3	1	2
357	4	1	2
357	5	1	2
357	6	1	1
357	7	1	1
358	0	1	0
358	1	1	0
358	2	1	1
358	3	1	0
358	4	1	2
358	5	1	2
358	6	1	1
358	7	1	2
359	0	0	0
359	1	0	0
359	2	0	0
359	3	0	0
359	4	0	2
359	5	0	1
359	6	0	1
359	7	0	2
360	0	2	1
360	1	2	2
360	2	2	2
360	3	2	2
360	4	2	2
360	5	2	2
360	6	2	2
360	7	2	2
361	0	1	0
361	1	1	0
361	2	1	0
361	3	1	0
361	4	1	1
361	5	1	1
361	6	1	1
361	7	1	2
362	0	1	0
362	1	1	0
362	2	1	1
362	3	1	0
362	4	1	1
362	5	1	2
362	6	1	1
362	7	1	2
363	0	2	1
363	1	2	1
363	2	2	2
363	3	2	2
363	4	2	2
363	5	2	2
363	6	2	2
363	7	2	1
364	0	2	0
364	1	2	2
364	2	2	0
364	3	2	2
364	4	2	2
364	5	2	2
364	6	2	2
364	7	2	1
365	0	2	1
365	1	2	0
365	2	2	1
365	3	2	2
365	4	2	2
365	5	2	2
365	6	2	2
365	7	2	2
366	0	2	1
366	1	2	1
366	2	2	2
366	3	2	2
366	4	2	2
366	5	2	1
366	6	2	2
366	7	2	2
367	0	1	0
367	1	1	0
367	2	1	2
367	3	1	1
367	4	1	2
367	5	1	2
367	6	1	1
367	7	1	2
368	0	0	0
368	1	0	0
368	2	0	0
368	3	0	0
368	4	0	2
368	5	0	2
368	6	0	1
368	7	0	2
369	0	2	1
369	1	2	1
369	2	2	2
369	3	2	2
369	4	2	2
369	5	2	2
369	6	2	2
369	7	2	2
370	0	1	0
370	1	1	1
370	2	1	1
370	3	1	1
370	4	1	2
370	5	1	2
370	6	1	1
370	7	1	1
371	0	1	0
371	1	1	0
371	2	1	1
371	3	1	0
371	4	1	1
371	5	1	1
371	6	1	1
371	7	1	2
372	0	0	0
372	1	0	0
372	2	0	0
372	3	0	0
372	4	0	2
372	5	0	1
372	6	0	1
372	7	0	1
373	0	0	0
373	1	0	0
373	2	0	0
373	3	0	0
373	4	0	2
373	5	0	1
373	6	0	1
373	7	0	2
374	0	0	0
374	1	0	0
374	2	0	0
374	3	0	0
374	4	0	2
374	5	0	1
374	6	0	1
374	7	0	2
375	0	1	1
375	1	1	0
375	2	1	1
375	3	1	1
375	4	1	2
375	5	1	1
375	6	1	1
375	7	1	2
376	0	0	0
376	1	0	0
376	2	0	0
376	3	0	0
376	4	0	2
376	5	0	2
376	6	0	1
376	7	0	2
377	0	2	1
377	1	2	1
377	2	2	2
377	3	2	2
377	4	2	2
377	5	2	2
377	6	2	2
377	7	2	2
378	0	1	0
378	1	1	0
378	2	1	1
378	3	1	1
378	4	1	2
378	5	1	1
378	6	1	1
378	7	1	2
379	0	2	1
379	1	2	1
379	2	2	2
379	3	2	2
379	4	2	2
379	5	2	2
379	6	2	2
379	7	2	1
380	0	2	2
380	1	2	2
380	2	2	1
380	3	2	2
380	4	2	1
380	5	2	2
380	6	2	2
380	7	2	2
381	0	0	0
381	1	0	0
381	2	0	1
381	3	0	0
381	4	0	2
381	5	0	2
381	6	0	1
381	7	0	2
382	0	1	0
382	1	1	0
382	2	1	0
382	3	1	0
382	4	1	2
382	5	1	2
382	6	1	1
382	7	1	2
383	0	1	1
383	1	1	0
383	2	1	1
383	3	1	0
383	4	1	2
383	5	1	1
383	6	1	1
383	7	1	2
384	0	0	0
384	1	0	0
384	2	0	0
384	3	0	0
384	4	0	2
384	5	0	1
384	6	0	1
384	7	0	2
385	0	1	0
385	1	1	0
385	2	1	1
385	3	1	0
385	4	1	2
385	5	1	1
385	6	1	2
385	7	1	2
386	0	1	0
386	1	1	0
386	2	1	0
386	3	1	2
386	4	1	2
386	5	1	1
386	6	1	1
386	7	1	2
387	0	2	0
387	1	2	1
387	2	2	2
387	3	2	1
387	4	2	2
387	5	2	1
387	6	2	2
387	7	2	2
388	0	1	1
388	1	1	0
388	2	1	2
388	3	1	2
388	4	1	2
388	5	1	1
388	6	1	2
388	7	1	1
389	0	0	0
389	1	0	2
389	2	0	0
389	3	0	0
389	4	0	2
389	5	0	2
389	6	0	1
389	7	0	2
390	0	0	0
390	1	0	0
390	2	0	0
390	3	0	0
390	4	0	2
390	5	0	1
390	6	0	1
390	7	0	1
391	0	1	1
391	1	1	0
391	2	1	1
391	3	1	1
391	4	1	1
391	5	1	2
391	6	1	1
391	7	1	1
392	0	2	1
392	1	2	0
392	2	2	2
392	3	2	2
392	4	2	2
392	5	2	2
392	6	2	2
392	7	2	2
393	0	0	0
393	1	0	0
393	2	0	1
393	3	0	1
393	4	0	2
393	5	0	2
393	6	0	1
393	7	0	2
394	0	2	2
394	1	2	2
394	2	2	2
394	3	2	2
394	4	2	2
394	5	2	2
394	6	2	2
394	7	2	2
395	0	1	1
395	1	1	0
395	2	1	1
395	3	1	2
395	4	1	2
395	5	1	2
395	6	1	1
395	7	1	1
396	0	2	0
396	1	2	2
396	2	2	1
396	3	2	1
396	4	2	2
396	5	2	2
396	6	2	1
396	7	2	1
397	0	1	0
397	1	1	2
397	2	1	1
397	3	1	1
397	4	1	2
397	5	1	1
397	6	1	1
397	7	1	2
398	0	2	1
398	1	2	2
398	2	2	1
398	3	2	2
398	4	2	0
398	5	2	2
398	6	2	2
398	7	2	1
399	0	2	2
399	1	2	2
399	2	2	2
399	3	2	2
399	4	2	2
399	5	2	1
399	6	2	2
399	7	2	2
400	0	2	2
400	1	2	2
400	2	2	2
400	3	2	2
400	4	2	2
400	5	2	1
400	6	2	2
400	7	2	1
401	0	2	0
401	1	2	1
401	2	2	1
401	3	2	2
401	4	2	2
401	5	2	2
401	6	2	1
401	7	2	2
402	0	2	0
402	1	2	2
402	2	2	2
402	3	2	1
402	4	2	2
402	5	2	2
402	6	2	1
402	7	2	2
403	0	2	1
403	1	2	2
403	2	2	2
403	3	2	2
403	4	2	2
403	5	2	2
403	6	2	1
403	7	2	2
404	0	2	2
404	1	2	2
404	2	2	2
404	3	2	2
404	4	2	2
404	5	2	2
404	6	2	2
404	7	2	1
405	0	2	2
405	1	2	2
405	2	2	2
405	3	2	2
405	4	2	2
405	5	2	2
405	6	2	2
405	7	2	2
406	0	2	1
406	1	2	0
406	2	2	2
406	3	2	2
406	4	2	2
406	5	2	2
406	6	2	1
406	7	2	2
407	0	2	2
407	1	2	2
407	2	2	2
407	3	2	2
407	4	2	1
407	5	2	2
407	6	2	2
407	7	2	2
408	0	2	2
408	1	2	2
408	2	2	2
408	3	2	2
408	4	2	2
408	5	2	2
408	6	2	2
408	7	2	2
409	0	2	2
409	1	2	2
409	2	2	2
409	3	2	2
409	4	2	2
409	5	2	1
409	6	2	2
409	7	2	2
410	0	2	1
410	1	2	2
410	2	2	2
410	3	2	2
410	4	2	2
410	5	2	2
410	6	2	2
410	7	2	1
411	0	2	2
411	1	2	2
411	2	2	2
411	3	2	2
411	4	2	2
411	5	2	1
411	6	2	2
411	7	2	1
412	0	1	0
412	1	1	2
412	2	1	1
412	3	1	2
412	4	1	2
412	5	1	1
412	6	1	1
412	7	1	1
413	0	2	2
413	1	2	2
413	2	2	2
413	3	2	2
413	4	2	2
413	5	2	2
413	6	2	2
413	7	2	2
414	0	2	2
414	1	2	2
414	2	2	2
414	3	2	2
414	4	2	2
414	5	2	1
414	6	2	2
414	7	2	2
415	0	2	2
415	1	2	2
415	2	2	2
415	3	2	2
415	4	2	2
415	5	2	1
415	6	2	2
415	7	2	1
416	0	2	0
416	1	2	2
416	2	2	2
416	3	2	2
416	4	2	2
416	5	2	1
416	6	2	2
416	7	2	2
417	0	2	1
417	1	2	2
417	2	2	1
417	3	2	1
417	4	2	2
417	5	2	2
417	6	2	1
417	7	2	2
418	0	2	0
418	1	2	2
418	2	2	1
418	3	2	1
418	4	2	2
418	5	2	2
418	6	2	2
418	7	2	2
419	0	2	0
419	1	2	2
419	2	2	1
419	3	2	1
419	4	2	2
419	5	2	2
419	6	2	2
419	7	2	2
420	0	2	2
420	1	2	2
420	2	2	2
420	3	2	2
420	4	2	2
420	5	2	2
420	6	2	2
420	7	2	2
421	0	2	2
421	1	2	2
421	2	2	2
421	3	2	2
421	4	2	2
421	5	2	2
421	6	2	2
421	7	2	2
422	0	1	0
422	1	1	0
422	2	1	1
422	3	1	0
422	4	1	2
422	5	1	0
422	6	1	1
422	7	1	2
423	0	2	1
423	1	2	2
423	2	2	2
423	3	2	2
423	4	2	1
423	5	2	2
423	6	2	2
423	7	2	1
424	0	2	2
424	1	2	2
424	2	2	2
424	3	2	2
424	4	2	2
424	5	2	2
424	6	2	2
424	7	2	2
425	0	2	2
425	1	2	2
425	2	2	2
425	3	2	2
425	4	2	2
425	5	2	2
425	6	2	2
425	7	2	2
426	0	2	2
426	1	2	2
426	2	2	2
426	3	2	2
426	4	2	2
426	5	2	1
426	6	2	2
426	7	2	2
427	0	2	1
427	1	2	2
427	2	2	2
427	3	2	2
427	4	2	2
427	5	2	1
427	6	2	2
427	7	2	2
428	0	2	1
428	1	2	2
428	2	2	2
428	3	2	1
428	4	2	2
428	5	2	1
428	6	2	1
428	7	2	2
429	0	2	2
429	1	2	2
429	2	2	2
429	3	2	2
429	4	2	2
429	5	2	2
429	6	2	2
429	7	2	1
430	0	2	2
430	1	2	2
430	2	2	2
430	3	2	2
430	4	2	2
430	5	2	2
430	6	2	2
430	7	2	1
431	0	2	2
431	1	2	2
431	2	2	2
431	3	2	2
431	4	2	2
431	5	2	2
431	6	2	2
431	7	2	2
432	0	2	2
432	1	2	2
432	2	2	2
432	3	2	2
432	4	2	2
432	5	2	2
432	6	2	2
432	7	2	2
433	0	2	2
433	1	2	2
433	2	2	2
433	3	2	2
433	4	2	2
433	5	2	2
433	6	2	2
433	7	2	2
434	0	2	2
434	1	2	2
434	2	2	2
434	3	2	2
434	4	2	2
434	5	2	2
434	6	2	2
434	7	2	1
435	0	2	2
435	1	2	2
435	2	2	2
435	3	2	2
435	4	2	2
435	5	2	1
435	6	2	2
435	7	2	2
436	0	2	1
436	1	2	0
436	2	2	1
436	3	2	2
436	4	2	2
436	5	2	2
436	6	2	1
436	7	2	2
437	0	2	0
437	1	2	2
437	2	2	2
437	3	2	2
437	4	2	2
437	5	2	1
437	6	2	2
437	7	2	2
438	0	2	2
438	1	2	2
438	2	2	2
438	3	2	2
438	4	2	2
438	5	2	2
438	6	2	2
438	7	2	2
439	0	2	2
439	1	2	2
439	2	2	2
439	3	2	2
439	4	2	2
439	5	2	2
439	6	2	2
439	7	2	2
440	0	1	0
440	1	1	2
440	2	1	0
440	3	1	0
440	4	1	2
440	5	1	2
440	6	1	1
440	7	1	2
441	0	2	2
441	1	2	2
441	2	2	2
441	3	2	2
441	4	2	2
441	5	2	1
441	6	2	1
441	7	2	2
442	0	2	1
442	1	2	0
442	2	2	2
442	3	2	2
442	4	2	2
442	5	2	1
442	6	2	1
442	7	2	1
443	0	2	1
443	1	2	2
443	2	2	2
443	3	2	2
443	4	2	2
443	5	2	2
443	6	2	2
443	7	2	2
444	0	1	0
444	1	1	2
444	2	1	0
444	3	1	0
444	4	1	2
444	5	1	2
444	6	1	1
444	7	1	2
445	0	2	2
445	1	2	2
445	2	2	2
445	3	2	2
445	4	2	2
445	5	2	2
445	6	2	2
445	7	2	2
446	0	2	2
446	1	2	2
446	2	2	2
446	3	2	2
446	4	2	2
446	5	2	2
446	6	2	2
446	7	2	2
447	0	2	2
447	1	2	2
447	2	2	2
447	3	2	2
447	4	2	2
447	5	2	2
447	6	2	2
447	7	2	2
448	0	2	2
448	1	2	2
448	2	2	2
448	3	2	2
448	4	2	2
448	5	2	2
448	6	2	2
448	7	2	1
449	0	2	2
449	1	2	2
449	2	2	1
449	3	2	2
449	4	2	2
449	5	2	2
449	6	2	2
449	7	2	2
450	0	2	2
450	1	2	2
450	2	2	2
450	3	2	2
450	4	2	2
450	5	2	2
450	6	2	2
450	7	2	2
451	0	2	0
451	1	2	2
451	2	2	0
451	3	2	1
451	4	2	2
451	5	2	2
451	6	2	1
451	7	2	2
452	0	2	2
452	1	2	2
452	2	2	2
452	3	2	2
452	4	2	2
452	5	2	2
452	6	2	2
452	7	2	2
453	0	2	2
453	1	2	2
453	2	2	2
453	3	2	2
453	4	2	2
453	5	2	2
453	6	2	2
453	7	2	2
454	0	2	2
454	1	2	2
454	2	2	1
454	3	2	2
454	4	2	2
454	5	2	2
454	6	2	2
454	7	2	2
455	0	2	2
455	1	2	2
455	2	2	2
455	3	2	2
455	4	2	2
455	5	2	2
455	6	2	2
455	7	2	2
456	0	2	2
456	1	2	2
456	2	2	2
456	3	2	2
456	4	2	2
456	5	2	1
456	6	2	2
456	7	2	2
457	0	2	2
457	1	2	2
457	2	2	2
457	3	2	2
457	4	2	2
457	5	2	2
457	6	2	2
457	7	2	2
458	0	2	1
458	1	2	2
458	2	2	2
458	3	2	2
458	4	2	2
458	5	2	2
458	6	2	2
458	7	2	1
459	0	2	2
459	1	2	2
459	2	2	2
459	3	2	2
459	4	2	2
459	5	2	2
459	6	2	2
459	7	2	2
460	0	1	1
460	1	1	1
460	2	1	1
460	3	1	1
460	4	1	2
460	5	1	1
460	6	1	1
460	7	1	2
461	0	2	2
461	1	2	2
461	2	2	2
461	3	2	2
461	4	2	1
461	5	2	2
461	6	2	2
461	7	2	2
462	0	2	2
462	1	2	2
462	2	2	2
462	3	2	2
462	4	2	2
462	5	2	2
462	6	2	2
462	7	2	2
463	0	2	2
463	1	2	2
463	2	2	2
463	3	2	2
463	4	2	2
463	5	2	1
463	6	2	2
463	7	2	2
464	0	2	1
464	1	2	2
464	2	2	2
464	3	2	2
464	4	2	2
464	5	2	2
464	6	2	2
464	7	2	1
465	0	1	0
465	1	1	2
465	2	1	0
465	3	1	1
465	4	1	2
465	5	1	2
465	6	1	1
465	7	1	2
466	0	2	2
466	1	2	2
466	2	2	2
466	3	2	2
466	4	2	2
466	5	2	2
466	6	2	2
466	7	2	1
467	0	2	2
467	1	2	2
467	2	2	2
467	3	2	2
467	4	2	1
467	5	2	2
467	6	2	2
467	7	2	2
468	0	2	2
468	1	2	2
468	2	2	2
468	3	2	2
468	4	2	2
468	5	2	1
468	6	2	2
468	7	2	2
469	0	2	2
469	1	2	2
469	2	2	2
469	3	2	2
469	4	2	2
469	5	2	1
469	6	2	2
469	7	2	2
470	0	2	2
470	1	2	0
470	2	2	1
470	3	2	2
470	4	2	2
470	5	2	2
470	6	2	1
470	7	2	2
471	0	2	0
471	1	2	2
471	2	2	1
471	3	2	2
471	4	2	2
471	5	2	2
471	6	2	1
471	7	2	2
472	0	2	2
472	1	2	2
472	2	2	2
472	3	2	2
472	4	2	2
472	5	2	2
472	6	2	2
472	7	2	1
473	0	2	2
473	1	2	2
473	2	2	2
473	3	2	2
473	4	2	2
473	5	2	1
473	6	2	2
473	7	2	2
474	0	2	2
474	1	2	2
474	2	2	2
474	3	2	2
474	4	2	1
474	5	2	2
474	6	2	2
474	7	2	2
475	0	2	1
475	1	2	2
475	2	2	1
475	3	2	2
475	4	2	2
475	5	2	2
475	6	2	2
475	7	2	2
476	0	2	2
476	1	2	2
476	2	2	2
476	3	2	2
476	4	2	2
476	5	2	1
476	6	2	2
476	7	2	1
477	0	2	0
477	1	2	2
477	2	2	1
477	3	2	2
477	4	2	2
477	5	2	2
477	6	2	1
477	7	2	2
478	0	2	1
478	1	2	2
478	2	2	2
478	3	2	2
478	4	2	2
478	5	2	1
478	6	2	2
478	7	2	2
479	0	2	2
479	1	2	2
479	2	2	2
479	3	2	2
479	4	2	2
479	5	2	2
479	6	2	2
479	7	2	2
480	0	2	1
480	1	2	2
480	2	2	2
480	3	2	2
480	4	2	2
480	5	2	2
480	6	2	2
480	7	2	2
481	0	2	2
481	1	2	1
481	2	2	2
481	3	2	2
481	4	2	2
481	5	2	2
481	6	2	1
481	7	2	2
482	0	1	1
482	1	1	0
482	2	1	1
482	3	1	1
482	4	1	2
482	5	1	1
482	6	1	1
482	7	1	2
483	0	1	0
483	1	1	0
483	2	1	1
483	3	1	0
483	4	1	2
483	5	1	1
483	6	1	1
483	7	1	2
484	0	1	0
484	1	1	0
484	2	1	0
484	3	1	1
484	4	1	2
484	5	1	1
484	6	1	1
484	7	1	1
485	0	0	0
485	1	0	0
485	2	0	0
485	3	0	0
485	4	0	2
485	5	0	2
485	6	0	1
485	7	0	1
486	0	1	0
486	1	1	0
486	2	1	1
486	3	1	0
486	4	1	2
486	5	1	2
486	6	1	1
486	7	1	2
487	0	0	0
487	1	0	0
487	2	0	0
487	3	0	0
487	4	0	2
487	5	0	2
487	6	0	2
487	7	0	2
488	0	2	1
488	1	2	2
488	2	2	2
488	3	2	2
488	4	2	2
488	5	2	2
488	6	2	2
488	7	2	2
489	0	2	1
489	1	2	2
489	2	2	2
489	3	2	2
489	4	2	2
489	5	2	2
489	6	2	2
489	7	2	2
490	0	2	0
490	1	2	2
490	2	2	1
490	3	2	1
490	4	2	2
490	5	2	1
490	6	2	1
490	7	2	2
491	0	2	1
491	1	2	0
491	2	2	2
491	3	2	2
491	4	2	1
491	5	2	1
491	6	2	2
491	7	2	2
492	0	0	0
492	1	0	1
492	2	0	0
492	3	0	1
492	4	0	2
492	5	0	2
492	6	0	1
492	7	0	2
493	0	1	0
493	1	1	0
493	2	1	0
493	3	1	0
493	4	1	2
493	5	1	1
493	6	1	1
493	7	1	1
494	0	0	0
494	1	0	0
494	2	0	0
494	3	0	0
494	4	0	2
494	5	0	2
494	6	0	1
494	7	0	2
495	0	1	0
495	1	1	0
495	2	1	1
495	3	1	0
495	4	1	2
495	5	1	2
495	6	1	1
495	7	1	2
