---------------------max_workers,2,frac_correct,10
---------------------max_workers,2,frac_correct,100
---------------------max_workers,2,frac_correct,1
2,5000,[1000, 2000, 3000, 4000, 5000]
[1000, 2000, 3000, 4000, 5000]
[-355.9155953693547, -370.30984735684933, -363.85010305770913, -356.4706860584728, -369.9960256454405]
[0.1220703125, 0.130859375, 0.1171875, 0.1142578125, 0.1396484375]
[0.00494694709777832, 0.004969120025634766, 0.0048809051513671875, 0.005149126052856445, 0.004868984222412109]
[-111.37137106644919, -86.5787746016631, -77.82948532626605, -51.2147173597275, -47.579082420132366]
[0.208984375, 0.21484375, 0.21875, 0.205078125, 0.2119140625]
[5.946592092514038, 12.978132009506226, 19.537522077560425, 26.738234043121338, 33.331295013427734]
