---------------------max_workers,3,dist_weighted,10
4,[2, 3, 4, 5, 6],4000,[4, 40, 400, 4000]
[4, 40, 400, 4000]
[-789.8619986007506, -797.7314717918136, -800.0211203807005, -811.38834261012]
[0.2716796875, 0.2220703125, 0.1912109375, 0.2099609375]
[0.1587445020675659, 0.1571903944015503, 0.15764639377593995, 0.15756633281707763]
[-715.6027676491716, -686.6377833212455, -435.12940391449763, -120.26215542166048]
[0.1587890625, 0.17607421875, 0.2396484375, 0.3185546875]
[0.2811323404312134, 0.5306235074996948, 3.211669754981995, 31.67619469165802]
---------------------max_workers,3,dist_weighted,1
4,[2, 3, 4, 5, 6],5000,[1000, 2000, 3000, 4000, 5000]
[1000, 2000, 3000, 4000, 5000]
[-809.2714412828312, -797.0436520024808, -803.8455862637348, -803.3593472816173, -807.8255793521178]
[0.197265625, 0.205078125, 0.2080078125, 0.205078125, 0.234375]
[0.16291308403015137, 0.17014002799987793, 0.16485190391540527, 0.15858006477355957, 0.16363096237182617]
[-306.5425018113488, -210.08541952669208, -148.6561003619121, -125.931815890163, -98.71562577815133]
[0.2861328125, 0.3291015625, 0.3173828125, 0.3330078125, 0.3251953125]
[7.946583986282349, 16.721379041671753, 24.37002921104431, 31.934489011764526, 40.08473086357117]
---------------------max_workers,3,dist_weighted,1
4,[2, 3, 4, 5, 6],5000,[1000, 2000, 3000, 4000, 5000]
[1000, 2000, 3000, 4000, 5000]
[-811.5196077618957, -813.0922642515101, -807.9779321396377, -800.9358564143023, -827.7371410458611]
[0.2080078125, 0.2099609375, 0.1982421875, 0.1865234375, 0.2080078125]
[0.1615581512451172, 0.1590120792388916, 0.15659499168395996, 0.16126418113708496, 0.17156195640563965]
[-315.9988711648415, -220.9007215447689, -140.54961948319877, -116.29092324712764, -109.64285714700424]
[0.2958984375, 0.31640625, 0.2998046875, 0.2939453125, 0.3369140625]
[7.6121180057525635, 15.77483606338501, 24.20753788948059, 31.89725089073181, 40.701207876205444]
---------------------max_workers,2,frac_correct,1
4,[3, 4, 5, 6, 7, 8, 9, 10],5000,[1000, 2000, 3000, 4000, 5000]
[1000, 2000, 3000, 4000, 5000]
[-525.6597545584204, -523.2931158498968, -534.2769321355424, -525.2684686187863, -530.5752534960486]
[0.1640625, 0.146484375, 0.1494140625, 0.1630859375, 0.1572265625]
[0.0010821819305419922, 0.0006630420684814453, 0.00061798095703125, 0.0006580352783203125, 0.0006339550018310547]
[-240.41725394610697, -159.21279949091388, -119.15753625481014, -101.71752708810826, -95.56415198146647]
[0.1689453125, 0.162109375, 0.154296875, 0.1630859375, 0.158203125]
[7.7900230884552, 14.7166748046875, 23.44564199447632, 31.143687963485718, 40.44023680686951]
---------------------max_workers,2,frac_correct,1
4,[3, 4, 5, 6, 7, 8, 9, 10],4000,[4, 40, 400, 4000]
[4, 40, 400, 4000]
[-537.9265727876394, -534.1657924864293, -536.2070683928418, -525.9539793404757]
[0.1435546875, 0.1591796875, 0.16796875, 0.1416015625]
[0.0006089210510253906, 0.0006260871887207031, 0.000614166259765625, 0.0006139278411865234]
[-515.6801534944517, -475.06727659060766, -364.81450411121, -96.59709723561721]
[0.119140625, 0.0947265625, 0.162109375, 0.142578125]
[0.23916983604431152, 0.49721693992614746, 3.0614421367645264, 30.582118034362793]
---------------------max_workers,2,frac_correct,10
4,[3, 4, 5, 6, 7, 8, 9, 10],4000,[4, 40, 400, 4000]
[4, 40, 400, 4000]
[-553.3071169786042, -563.4626621135229, -557.7869718414439, -557.0669589613806]
[0.19541015625, 0.1982421875, 0.20078125, 0.19287109375]
[0.0006194353103637695, 0.0006279945373535156, 0.0006837844848632812, 0.0006634950637817383]
[-507.187354914796, -466.7257925871096, -357.09307691653805, -105.96754319343127]
[0.16865234375, 0.122265625, 0.16630859375, 0.19306640625]
[0.24332258701324463, 0.49024879932403564, 3.24754798412323, 31.67385513782501]
---------------------max_workers,2,frac_correct,1
4,[3, 4, 5, 6, 7, 8, 9, 10],4000,[4, 40, 400, 4000]
[4, 40, 400, 4000]
[-522.6723213873188, -562.4643044844139, -562.8768003212112, -552.6326375697942]
[0.1142578125, 0.1953125, 0.1953125, 0.2080078125]
[0.0006289482116699219, 0.0005998611450195312, 0.0006008148193359375, 0.0006060600280761719]
[-483.6745479745318, -484.1115968499064, -351.25677537566895, -106.08551844349603]
[0.119140625, 0.134765625, 0.166015625, 0.205078125]
[0.23254990577697754, 0.472121000289917, 2.964595079421997, 30.38311505317688]
---------------------max_workers,2,frac_correct,1
4,[3, 4, 5, 6, 7, 8, 9, 10],4000,[4, 40, 400, 4000]
[4, 40, 400, 4000]
[-541.178946025042, -553.8993375017219, -553.2721610745575, -574.3758444753221]
[0.1484375, 0.1884765625, 0.1865234375, 0.193359375]
[0.0006229877471923828, 0.0006041526794433594, 0.0006129741668701172, 0.0006461143493652344]
[-474.50705739906385, -472.6803025214605, -365.60124206445937, -112.5312517882805]
[0.1279296875, 0.1240234375, 0.166015625, 0.2119140625]
[0.24379801750183105, 0.46890807151794434, 3.069972038269043, 30.40670108795166]
