0	0	0	1
0	1	0	1
0	2	0	0
0	3	0	2
0	4	0	0
1	5	2	2
1	2	2	0
1	6	2	1
1	7	2	1
1	8	2	1
2	9	0	2
2	2	0	0
2	5	0	0
2	7	0	1
2	10	0	0
3	11	0	1
3	12	0	0
3	13	0	1
3	2	0	0
3	14	0	2
1	2	2	0
1	6	2	2
1	15	2	1
1	16	2	1
1	17	2	2
2	18	0	0
2	19	0	2
2	7	0	1
2	17	0	1
2	20	0	1
3	2	0	0
3	18	0	0
3	21	0	1
3	7	0	1
3	22	0	1
0	23	0	0
0	18	0	0
0	8	0	1
0	17	0	2
0	7	0	1
4	14	1	2
4	7	1	1
4	24	1	1
4	25	1	0
4	26	1	1
5	27	1	1
6	27	0	1
5	10	1	2
6	10	0	1
5	28	1	2
6	28	0	2
5	17	1	1
6	17	0	1
5	29	1	2
6	29	0	1
7	27	0	0
7	14	0	2
7	2	0	0
7	17	0	0
7	30	0	1
8	2	1	0
8	7	1	1
8	31	1	2
8	32	1	2
8	22	1	1
9	7	1	1
9	8	1	1
9	33	1	2
9	34	1	0
9	35	1	2
10	7	2	1
10	20	2	2
10	21	2	2
10	36	2	1
10	37	2	2
11	27	0	1
11	23	0	2
11	17	0	1
11	38	0	2
11	8	0	1
8	7	1	1
8	14	1	2
8	10	1	1
8	8	1	1
8	17	1	1
11	14	0	2
12	14	1	2
6	14	0	2
11	6	0	1
12	6	1	1
6	6	0	1
11	17	0	1
12	17	1	2
6	17	0	1
11	18	0	0
12	18	1	0
6	18	0	1
11	7	0	1
12	7	1	1
6	7	0	1
7	39	0	2
13	39	1	2
4	39	1	1
7	17	0	2
13	17	1	1
4	17	1	0
7	7	0	1
13	7	1	1
4	7	1	1
7	8	0	1
13	8	1	1
4	8	1	1
7	40	0	2
13	40	1	2
4	40	1	2
14	2	0	0
14	41	0	0
14	42	0	2
14	16	0	0
14	33	0	2
13	6	1	1
13	43	1	1
13	14	1	2
13	42	1	2
13	16	1	2
12	2	1	0
12	17	1	0
12	7	1	1
12	18	1	0
12	44	1	0
9	6	1	2
9	23	1	0
9	14	1	2
9	7	1	1
9	18	1	2
14	6	0	2
14	45	0	0
14	46	0	0
14	20	0	0
14	18	0	0
5	47	1	1
5	14	1	2
5	7	1	1
5	22	1	1
5	17	1	1
10	23	2	2
10	17	2	1
10	18	2	2
10	7	2	1
10	8	2	1
15	17	0	1
15	48	0	2
15	49	0	0
15	33	0	2
15	14	0	2
15	20	0	0
15	50	0	1
15	7	0	1
15	51	0	1
15	52	0	0
16	6	0	1
16	7	0	1
16	18	0	0
16	53	0	1
16	22	0	1
17	14	0	2
17	7	0	1
17	17	0	1
17	49	0	1
17	22	0	1
16	23	0	2
16	7	0	1
16	54	0	0
16	22	0	1
16	28	0	0
18	6	2	2
18	2	2	0
18	7	2	1
18	17	2	1
18	33	2	0
19	6	1	1
19	7	1	1
19	14	1	2
19	17	1	1
19	22	1	1
20	50	1	1
20	22	1	1
20	14	1	2
20	33	1	1
20	6	1	2
17	14	0	2
17	2	0	0
17	23	0	2
17	22	0	1
17	8	0	1
18	16	2	2
18	55	2	2
18	8	2	1
18	56	2	2
18	57	2	2
19	14	1	2
19	2	1	0
19	58	1	2
19	7	1	1
19	17	1	0
20	14	1	2
20	17	1	2
20	2	1	0
20	7	1	1
20	59	1	1
21	60	0	1
21	6	0	1
21	17	0	2
21	61	0	1
21	14	0	2
22	17	0	1
23	17	0	2
24	17	0	1
22	7	0	1
23	7	0	1
24	7	0	1
22	8	0	1
23	8	0	1
24	8	0	1
22	18	0	1
23	18	0	0
24	18	0	1
22	62	0	0
23	62	0	0
24	62	0	0
25	17	0	0
25	50	0	1
25	7	0	1
25	63	0	0
25	8	0	1
26	6	1	2
26	17	1	1
26	7	1	1
26	64	1	2
26	65	1	0
27	2	0	0
28	2	0	0
27	20	0	0
28	20	0	0
27	17	0	1
28	17	0	0
27	50	0	1
28	50	0	1
27	7	0	1
28	7	0	1
25	23	0	2
23	23	0	1
25	19	0	1
23	19	0	2
25	62	0	0
23	62	0	0
25	8	0	1
23	8	0	1
25	17	0	2
23	17	0	0
29	2	1	0
29	6	1	1
29	17	1	0
29	18	1	1
29	7	1	1
26	20	1	2
26	7	1	1
26	17	1	2
26	14	1	2
26	66	1	2
24	2	0	0
24	7	0	1
24	14	0	2
24	8	0	1
24	17	0	1
30	14	1	2
30	50	1	1
30	67	1	2
30	10	1	2
30	7	1	1
22	7	0	1
22	18	0	0
22	63	0	1
22	59	0	1
22	33	0	2
29	2	1	0
29	23	1	1
29	17	1	1
29	7	1	1
29	14	1	2
27	2	0	0
27	23	0	1
27	6	0	1
27	20	0	0
27	7	0	1
28	17	0	2
28	7	0	1
28	68	0	0
28	69	0	0
28	0	0	0
21	2	0	0
21	7	0	1
21	10	0	0
21	17	0	0
21	31	0	0
30	7	1	1
30	33	1	2
30	70	1	2
30	20	1	1
30	71	1	1
31	14	1	2
31	2	1	0
31	17	1	2
31	7	1	1
31	8	1	1
32	6	1	2
32	14	1	2
32	17	1	2
32	50	1	1
32	16	1	1
32	14	1	2
32	6	1	2
32	7	1	1
32	18	1	1
32	17	1	0
33	6	2	2
33	2	2	0
33	30	2	0
33	7	2	1
33	10	2	2
34	23	2	2
34	7	2	1
34	24	2	1
34	72	2	2
34	34	2	1
35	14	1	2
36	14	1	2
34	14	2	2
35	30	1	1
36	30	1	1
34	30	2	1
35	20	1	1
36	20	1	1
34	20	2	1
35	17	1	1
36	17	1	1
34	17	2	2
35	7	1	1
36	7	1	1
34	7	2	1
37	18	1	1
37	7	1	1
37	6	1	1
37	8	1	1
37	73	1	1
31	7	1	1
31	17	1	2
31	74	1	2
31	75	1	2
31	76	1	2
36	2	1	0
36	17	1	2
36	7	1	1
36	18	1	2
36	24	1	1
38	77	1	1
37	77	1	2
38	7	1	1
37	7	1	1
38	59	1	2
37	59	1	1
38	17	1	2
37	17	1	0
38	78	1	2
37	78	1	1
35	14	1	2
35	39	1	0
35	7	1	1
35	17	1	0
35	22	1	2
39	6	2	2
39	79	2	2
39	17	2	1
39	33	2	2
39	68	2	2
40	6	2	2
40	7	2	1
40	80	2	2
40	8	2	1
40	81	2	2
41	39	2	1
41	82	2	2
41	20	2	1
41	7	2	1
41	17	2	1
40	23	2	2
40	19	2	1
40	7	2	1
40	18	2	2
40	17	2	2
33	77	2	1
33	6	2	2
33	17	2	0
33	20	2	1
33	7	2	1
39	16	2	2
38	16	1	1
39	18	2	1
38	18	1	1
39	17	2	0
38	17	1	2
39	22	2	1
38	22	1	1
39	8	2	1
38	8	1	1
41	23	2	0
41	6	2	2
41	50	2	1
41	7	2	1
41	8	2	1
42	6	0	1
43	6	1	1
42	50	0	1
43	50	1	1
42	7	0	1
43	7	1	1
42	22	0	2
43	22	1	1
42	83	0	1
43	83	1	1
44	84	0	0
44	85	0	2
44	7	0	1
44	8	0	1
44	17	0	1
45	6	0	1
45	23	0	2
45	7	0	1
45	86	0	1
45	17	0	2
46	7	0	1
46	41	0	0
46	62	0	0
46	87	0	2
46	17	0	2
47	6	1	1
44	6	0	2
47	2	1	0
44	2	0	0
47	16	1	2
44	16	0	0
47	59	1	1
44	59	0	0
47	8	1	0
44	8	0	0
48	45	1	1
48	2	1	0
48	17	1	1
48	7	1	1
48	8	1	1
49	23	1	2
49	23	1	2
49	7	1	1
49	7	1	1
49	17	1	1
49	17	1	2
49	10	1	0
49	10	1	0
49	88	1	2
49	88	1	2
50	2	1	0
50	7	1	1
50	6	1	1
50	8	1	1
50	70	1	1
45	17	0	1
45	23	0	1
45	7	0	1
45	10	0	0
45	87	0	0
50	2	1	0
50	7	1	1
50	89	1	0
50	24	1	1
50	22	1	1
47	2	1	0
47	23	1	2
47	21	1	2
47	14	1	2
47	34	1	0
51	7	2	1
51	30	2	1
51	18	2	1
51	89	2	2
51	8	2	1
43	6	1	2
42	6	0	1
43	17	1	0
42	17	0	1
43	7	1	1
42	7	0	1
43	22	1	2
42	22	0	1
43	40	1	0
42	40	0	1
46	2	0	0
48	2	1	0
51	2	2	0
46	7	0	1
48	7	1	1
51	7	2	1
46	6	0	2
48	6	1	2
51	6	2	2
46	90	0	0
48	90	1	2
51	90	2	1
46	91	0	0
48	91	1	2
51	91	2	2
52	7	0	1
52	14	0	2
52	92	0	2
52	33	0	1
52	17	0	0
52	20	0	0
53	20	0	0
52	18	0	0
53	18	0	0
52	7	0	1
53	7	0	1
52	54	0	0
53	54	0	0
52	14	0	2
53	14	0	2
54	7	2	1
55	7	0	1
54	14	2	2
55	14	0	2
54	22	2	1
55	22	0	1
54	93	2	2
55	93	0	2
54	94	2	1
55	94	0	0
55	60	0	1
55	95	0	0
55	17	0	0
55	7	0	1
55	36	0	2
56	96	1	0
56	2	1	0
56	7	1	1
56	19	1	2
56	14	1	2
57	2	1	0
58	2	1	0
57	23	1	2
58	23	1	1
57	7	1	1
58	7	1	1
57	20	1	1
58	20	1	1
57	14	1	2
58	14	1	2
59	2	0	0
60	2	1	0
59	7	0	1
60	7	1	1
59	18	0	0
60	18	1	0
59	50	0	1
60	50	1	1
59	14	0	2
60	14	1	2
61	2	2	0
61	17	2	0
61	7	2	1
61	97	2	2
61	0	2	2
62	2	1	0
62	16	1	0
62	18	1	0
62	17	1	2
62	33	1	1
59	14	0	2
59	2	0	0
59	17	0	2
59	23	0	2
59	6	0	1
63	7	2	1
63	18	2	0
63	17	2	2
63	33	2	2
63	98	2	1
56	7	1	1
56	8	1	1
56	99	1	0
56	44	1	2
56	100	1	1
62	17	1	1
62	20	1	1
62	7	1	1
62	8	1	1
62	101	1	0
54	6	2	2
54	2	2	0
54	17	2	0
54	20	2	1
54	50	2	0
60	50	1	1
60	7	1	1
60	10	1	0
60	17	1	1
60	44	1	0
57	2	1	0
57	39	1	2
57	7	1	1
57	17	1	2
57	102	1	0
53	6	0	2
53	7	0	1
53	18	0	0
53	22	0	1
53	8	0	1
58	7	1	1
63	7	2	1
58	39	1	1
63	39	2	1
58	14	1	2
63	14	2	2
58	8	1	1
63	8	2	1
58	102	1	0
63	102	2	1
61	7	2	1
61	19	2	1
61	103	2	0
61	104	2	0
61	105	2	0
64	6	1	1
64	2	1	0
64	7	1	1
64	17	1	1
64	106	1	2
65	6	1	1
66	6	0	1
65	22	1	1
66	22	0	1
65	34	1	1
66	34	0	1
65	107	1	2
66	107	0	0
65	7	1	1
66	7	0	1
67	17	0	0
67	6	0	1
67	7	0	1
67	108	0	1
67	8	0	1
68	2	1	0
68	17	1	2
68	7	1	1
68	10	1	2
68	89	1	0
69	14	0	2
69	7	0	1
69	17	0	1
69	109	0	2
69	65	0	2
70	23	1	2
70	7	1	1
70	8	1	1
70	33	1	2
70	34	1	2
71	50	1	1
71	16	1	2
71	7	1	1
71	89	1	1
71	22	1	1
72	7	1	1
72	82	1	2
72	18	1	1
72	8	1	1
72	102	1	2
73	4	0	0
73	23	0	2
73	16	0	0
73	31	0	1
73	110	0	0
66	23	0	1
66	39	0	1
66	7	0	1
66	62	0	0
66	5	0	0
74	23	0	2
74	7	0	1
74	44	0	1
74	36	0	1
74	20	0	0
75	14	1	2
75	2	1	0
75	23	1	2
75	87	1	2
75	20	1	0
72	7	1	1
72	111	1	2
72	87	1	2
72	112	1	1
72	106	1	1
76	7	2	1
76	8	2	1
76	36	2	1
76	112	2	1
76	113	2	1
77	17	1	1
78	17	1	0
77	18	1	2
78	18	1	1
77	7	1	1
78	7	1	1
77	114	1	2
78	114	1	2
77	59	1	2
78	59	1	2
78	61	1	2
78	8	1	1
78	33	1	2
78	6	1	2
78	76	1	2
65	2	1	0
65	23	1	1
65	17	1	1
65	7	1	1
65	115	1	2
67	2	0	0
67	6	0	1
67	82	0	0
67	17	0	1
67	8	0	1
75	6	1	2
75	89	1	2
75	20	1	1
75	30	1	1
75	7	1	1
68	23	1	2
68	7	1	1
68	14	1	2
68	54	1	2
68	17	1	1
74	30	0	1
74	19	0	2
74	10	0	0
74	18	0	0
74	7	0	1
79	17	0	2
79	6	0	1
79	7	0	1
79	33	0	2
79	69	0	2
71	7	1	1
71	10	1	2
71	8	1	1
71	116	1	2
71	34	1	1
73	17	0	2
73	7	0	1
73	89	0	0
73	8	0	1
73	117	0	0
64	2	1	0
64	7	1	1
64	118	1	1
64	18	1	1
64	115	1	1
76	17	2	0
76	23	2	1
76	7	2	1
76	10	2	0
76	22	2	1
77	2	1	0
77	17	1	2
77	23	1	1
77	30	1	1
77	86	1	1
70	50	1	1
70	8	1	1
70	17	1	1
70	34	1	2
70	72	1	2
79	2	0	0
69	2	0	0
79	7	0	1
69	7	0	1
79	88	0	0
69	88	0	2
79	22	0	1
69	22	0	1
79	119	0	0
69	119	0	0
80	17	0	2
80	7	0	1
80	6	0	1
80	59	0	0
80	33	0	1
80	7	0	1
80	62	0	0
80	8	0	1
80	25	0	0
80	35	0	0
81	2	1	0
82	2	1	0
83	2	1	0
84	2	1	0
81	7	1	1
82	7	1	1
83	7	1	1
84	7	1	1
81	110	1	1
82	110	1	1
83	110	1	1
84	110	1	1
81	33	1	2
82	33	1	1
83	33	1	1
84	33	1	2
81	120	1	1
82	120	1	1
83	120	1	1
84	120	1	1
85	2	2	0
86	2	0	0
85	23	2	2
86	23	0	1
85	121	2	0
86	121	0	1
85	7	2	1
86	7	0	1
85	33	2	2
86	33	0	1
87	2	0	0
82	2	1	0
87	6	0	1
82	6	1	1
87	7	0	1
82	7	1	1
87	122	0	0
82	122	1	0
87	61	0	0
82	61	1	0
85	2	2	0
87	2	0	0
85	18	2	0
87	18	0	0
85	7	2	1
87	7	0	1
85	17	2	2
87	17	0	1
85	8	2	1
87	8	0	1
84	7	1	1
84	15	1	0
84	17	1	1
84	30	1	1
84	123	1	1
83	2	1	0
83	6	1	1
83	10	1	0
83	16	1	0
83	80	1	0
81	6	1	2
81	20	1	0
81	18	1	0
81	22	1	2
81	17	1	1
86	17	0	0
86	7	0	1
86	14	0	2
86	16	0	2
86	8	0	1
88	17	0	2
88	7	0	1
88	61	0	1
88	124	0	0
88	125	0	1
89	2	0	0
89	17	0	0
89	7	0	1
89	49	0	0
89	8	0	1
90	2	1	0
90	126	1	2
90	7	1	1
90	8	1	1
90	102	1	2
91	7	0	1
91	33	0	1
91	92	0	1
91	105	0	2
91	26	0	0
92	2	1	0
92	6	1	2
92	14	1	2
92	33	1	1
92	17	1	1
93	23	1	0
94	23	1	1
93	7	1	1
94	7	1	1
93	16	1	2
94	16	1	2
93	127	1	0
94	127	1	0
93	8	1	1
94	8	1	1
95	18	2	1
95	19	2	0
95	8	2	1
95	33	2	2
95	128	2	2
96	20	0	0
96	7	0	1
96	129	0	0
96	130	0	0
96	131	0	0
97	14	0	2
91	14	0	2
97	18	0	0
91	18	0	0
97	17	0	1
91	17	0	1
97	30	0	1
91	30	0	1
97	112	0	2
91	112	0	1
95	2	2	0
95	6	2	2
95	16	2	2
95	7	2	1
95	18	2	2
88	23	0	0
88	7	0	1
88	132	0	0
88	6	0	2
88	8	0	1
94	39	1	0
94	30	1	0
94	7	1	1
94	18	1	1
94	114	1	2
97	89	0	1
97	133	0	0
97	7	0	1
97	34	0	1
97	134	0	1
93	7	1	1
93	135	1	1
93	17	1	1
93	136	1	1
93	105	1	2
89	18	0	0
89	19	0	2
89	88	0	2
89	22	0	2
89	114	0	1
92	7	1	1
92	19	1	2
92	17	1	2
92	68	1	2
92	75	1	2
96	2	0	0
96	6	0	1
96	7	0	1
96	137	0	2
96	56	0	1
90	30	1	1
90	7	1	1
90	20	1	1
90	10	1	2
90	18	1	1
98	6	0	2
99	6	1	2
98	17	0	1
99	17	1	2
98	16	0	0
99	16	1	1
98	67	0	1
99	67	1	0
98	7	0	1
99	7	1	1
100	7	0	1
101	7	0	1
100	38	0	1
101	38	0	1
100	17	0	2
101	17	0	0
100	114	0	1
101	114	0	2
100	89	0	0
101	89	0	1
102	2	1	0
102	7	1	1
102	8	1	1
102	104	1	1
102	65	1	2
103	2	0	0
104	2	0	0
103	30	0	1
104	30	0	1
103	7	0	1
104	7	0	1
103	22	0	1
104	22	0	1
103	33	0	2
104	33	0	1
105	7	0	1
105	17	0	0
105	138	0	2
105	36	0	1
105	81	0	2
106	139	0	1
106	7	0	1
106	140	0	1
106	8	0	1
106	75	0	1
107	2	0	0
107	7	0	1
107	16	0	1
107	22	0	2
107	33	0	2
102	2	1	0
102	6	1	1
102	7	1	1
102	118	1	0
102	62	1	1
99	7	1	1
99	18	1	2
99	8	1	1
99	24	1	1
99	17	1	2
98	10	0	2
98	33	0	0
98	6	0	2
98	141	0	0
98	142	0	0
100	14	0	2
100	39	0	2
100	7	0	1
100	44	0	2
100	121	0	2
101	14	0	2
101	7	0	1
101	18	0	0
101	6	0	2
101	33	0	1
107	7	0	1
107	16	0	2
107	108	0	1
107	114	0	2
107	143	0	1
105	2	0	0
105	7	0	1
105	14	0	2
105	33	0	1
105	8	0	1
103	18	0	0
103	7	0	1
103	19	0	1
103	14	0	2
103	17	0	1
104	2	0	0
104	7	0	1
104	14	0	2
104	8	0	1
104	17	0	0
106	7	0	1
106	88	0	0
106	33	0	1
106	31	0	1
106	87	0	2
108	14	0	2
108	2	0	0
108	86	0	1
108	7	0	1
108	22	0	1
109	15	0	0
109	42	0	2
109	7	0	1
109	17	0	0
109	33	0	2
110	2	0	0
110	18	0	0
110	7	0	1
110	16	0	0
110	22	0	1
111	7	0	1
111	14	0	2
111	17	0	0
111	144	0	1
111	36	0	2
109	2	0	0
111	2	0	0
109	7	0	1
111	7	0	1
109	18	0	0
111	18	0	0
109	8	0	1
111	8	0	1
109	145	0	0
111	145	0	0
112	7	0	1
113	7	0	1
114	7	0	1
112	6	0	1
113	6	0	1
114	6	0	1
112	22	0	1
113	22	0	1
114	22	0	2
112	17	0	2
113	17	0	0
114	17	0	1
112	14	0	2
113	14	0	2
114	14	0	2
115	7	0	1
115	10	0	0
115	54	0	0
115	24	0	0
115	17	0	1
108	14	0	2
116	14	0	2
108	7	0	1
116	7	0	1
108	62	0	0
116	62	0	1
108	8	0	1
116	8	0	1
108	24	0	0
116	24	0	0
117	2	1	0
117	7	1	1
117	19	1	2
117	89	1	1
117	17	1	1
110	7	0	1
110	17	0	0
110	8	0	1
110	102	0	0
110	6	0	1
116	2	0	0
116	7	0	1
116	10	0	1
116	19	0	1
116	54	0	1
112	7	0	1
112	61	0	0
112	14	0	2
112	8	0	1
112	33	0	1
118	17	0	1
118	7	0	1
118	20	0	1
118	102	0	1
118	64	0	1
119	2	0	0
114	2	0	0
119	7	0	1
114	7	0	1
119	17	0	0
114	17	0	1
119	146	0	1
114	146	0	0
119	18	0	0
114	18	0	0
117	147	1	1
117	8	1	1
117	17	1	2
117	114	1	1
117	148	1	2
119	2	0	0
119	7	0	1
119	18	0	0
119	62	0	0
119	8	0	1
118	7	0	1
118	17	0	1
118	22	0	1
118	87	0	2
118	76	0	2
115	2	0	0
115	7	0	1
115	10	0	0
115	17	0	1
115	149	0	0
113	7	0	1
113	6	0	1
113	49	0	0
113	17	0	0
113	136	0	1
120	7	1	1
120	10	1	1
120	8	1	1
120	102	1	1
120	34	1	1
121	8	1	1
121	7	1	1
121	36	1	1
121	150	1	1
121	17	1	0
122	2	1	0
122	7	1	1
122	18	1	2
122	21	1	1
122	6	1	2
123	2	1	0
123	14	1	2
123	7	1	1
123	114	1	1
123	102	1	1
124	7	1	1
125	7	1	1
124	10	1	2
125	10	1	2
124	14	1	2
125	14	1	2
124	8	1	1
125	8	1	1
124	17	1	1
125	17	1	0
120	2	1	0
120	10	1	2
120	7	1	1
120	114	1	2
120	33	1	2
126	7	1	1
126	6	1	1
126	40	1	1
126	17	1	2
126	14	1	2
121	14	1	2
121	7	1	1
121	17	1	1
121	33	1	1
121	87	1	2
127	2	1	0
127	16	1	2
127	6	1	1
127	7	1	1
127	114	1	2
122	7	1	1
122	62	1	1
122	8	1	1
122	10	1	2
122	35	1	1
127	2	1	0
127	7	1	1
127	151	1	2
127	14	1	2
127	22	1	1
123	16	1	1
123	7	1	1
123	49	1	2
123	17	1	0
123	8	1	1
126	2	1	0
126	7	1	1
126	22	1	1
126	102	1	2
126	30	1	0
124	7	1	1
124	17	1	2
124	8	1	1
124	33	1	2
124	152	1	2
125	2	1	0
125	7	1	1
125	22	1	1
125	17	1	1
125	6	1	0
128	6	1	2
128	14	1	2
128	49	1	2
128	33	1	2
128	7	1	1
129	2	0	0
129	7	0	1
129	17	0	2
129	6	0	1
129	35	0	1
130	2	0	0
131	2	0	0
130	7	0	1
131	7	0	1
130	6	0	2
131	6	0	1
130	33	0	0
131	33	0	0
130	40	0	1
131	40	0	0
132	153	0	0
132	7	0	1
132	14	0	2
132	17	0	2
132	8	0	1
133	2	0	0
133	7	0	1
133	8	0	1
133	71	0	0
133	14	0	2
134	7	0	1
134	22	0	2
134	154	0	0
134	33	0	1
134	87	0	2
135	2	1	0
135	7	1	1
135	14	1	2
135	8	1	1
135	10	1	1
136	7	0	1
136	22	0	1
136	17	0	1
136	155	0	0
136	87	0	2
130	7	0	1
130	22	0	1
130	73	0	1
130	156	0	1
130	157	0	0
137	2	0	0
137	7	0	1
137	14	0	2
137	87	0	2
137	34	0	1
138	22	1	2
138	158	1	1
138	8	1	1
138	152	1	2
138	159	1	1
132	7	0	1
136	7	0	1
131	7	0	1
132	6	0	1
136	6	0	1
131	6	0	1
132	49	0	0
136	49	0	2
131	49	0	2
132	14	0	2
136	14	0	2
131	14	0	2
132	8	0	1
136	8	0	1
131	8	0	1
139	6	0	2
128	6	1	2
139	7	0	1
128	7	1	1
139	108	0	1
128	108	1	1
139	14	0	2
128	14	1	2
139	160	0	0
128	160	1	2
133	17	0	1
134	17	0	0
140	17	0	1
133	7	0	1
134	7	0	1
140	7	0	1
133	22	0	1
134	22	0	1
140	22	0	1
133	161	0	0
134	161	0	0
140	161	0	0
133	136	0	1
134	136	0	1
140	136	0	1
141	33	1	1
141	39	1	2
141	162	1	0
141	7	1	1
141	163	1	2
140	7	0	1
140	8	0	1
140	164	0	2
140	165	0	0
140	166	0	0
129	2	0	0
129	20	0	0
129	7	0	1
129	22	0	1
129	125	0	0
137	7	0	1
137	10	0	0
137	106	0	2
137	167	0	1
137	168	0	2
139	7	0	1
139	105	0	0
139	14	0	2
139	169	0	0
139	65	0	0
141	7	1	1
141	62	1	1
141	115	1	1
141	33	1	2
141	104	1	0
135	7	1	1
135	6	1	2
135	8	1	1
135	17	1	2
135	33	1	1
138	2	1	0
138	7	1	1
138	17	1	1
138	33	1	2
138	170	1	0
142	34	0	1
142	76	0	0
142	65	0	0
142	112	0	1
142	35	0	0
143	7	0	1
144	7	0	1
145	7	0	1
143	22	0	1
144	22	0	1
145	22	0	1
143	71	0	0
144	71	0	0
145	71	0	0
143	14	0	2
144	14	0	2
145	14	0	2
143	102	0	0
144	102	0	0
145	102	0	0
145	7	0	1
145	20	0	1
145	17	0	0
145	22	0	1
145	81	0	0
146	6	0	2
146	7	0	1
146	59	0	0
146	8	0	1
146	22	0	0
147	7	1	1
147	115	1	1
147	33	1	1
147	35	1	0
147	65	1	0
148	2	1	0
148	2	1	0
148	7	1	1
148	7	1	1
148	17	1	0
148	17	1	2
148	22	1	1
148	22	1	1
148	54	1	1
148	54	1	1
149	7	1	1
149	22	1	2
149	171	1	1
149	8	1	1
149	120	1	0
143	2	0	0
143	7	0	1
143	89	0	0
143	17	0	0
143	14	0	2
142	7	0	1
142	6	0	1
142	17	0	2
142	33	0	2
142	36	0	1
150	7	0	1
146	7	0	1
151	7	1	1
150	18	0	0
146	18	0	0
151	18	1	0
150	17	0	1
146	17	0	0
151	17	1	2
150	8	0	1
146	8	0	1
151	8	1	1
150	34	0	2
146	34	0	2
151	34	1	1
152	2	0	0
152	115	0	0
152	107	0	2
152	34	0	1
152	172	0	1
150	2	0	0
150	7	0	1
150	17	0	0
150	148	0	0
150	173	0	0
153	2	1	0
154	2	1	0
153	8	1	1
154	8	1	1
153	34	1	0
154	34	1	0
153	174	1	2
154	174	1	0
153	20	1	0
154	20	1	0
147	2	1	0
147	7	1	1
147	14	1	2
147	8	1	1
147	33	1	1
153	2	1	0
153	7	1	1
153	17	1	1
153	115	1	1
153	33	1	1
144	17	0	1
144	6	0	1
144	44	0	0
144	175	0	0
144	170	0	0
152	2	0	0
152	7	0	1
152	8	0	1
152	17	0	1
152	176	0	1
154	7	1	1
154	22	1	1
154	30	1	0
154	177	1	0
154	35	1	0
151	7	1	1
151	8	1	1
151	92	1	0
151	33	1	1
151	6	1	1
149	2	1	0
149	7	1	1
149	8	1	1
149	22	1	1
149	17	1	2
155	7	0	1
155	22	0	1
155	17	0	0
155	178	0	1
155	6	0	1
156	2	1	0
156	18	1	0
156	22	1	1
156	17	1	2
156	176	1	2
157	102	1	1
158	102	1	1
157	7	1	1
158	7	1	1
157	35	1	2
158	35	1	1
157	167	1	2
158	167	1	2
157	44	1	1
158	44	1	1
159	7	0	1
160	7	1	1
159	14	0	2
160	14	1	2
159	17	0	1
160	17	1	1
159	119	0	2
160	119	1	1
159	113	0	2
160	113	1	2
161	7	1	1
161	14	1	2
161	179	1	1
161	98	1	1
161	90	1	0
162	7	2	0
162	102	2	0
162	17	2	1
162	87	2	2
162	10	2	2
161	2	1	0
161	7	1	1
161	6	1	1
161	8	1	1
161	17	1	0
163	7	2	1
163	18	2	1
163	68	2	2
163	180	2	1
163	10	2	1
160	2	1	0
160	6	1	2
160	17	1	1
160	8	1	1
160	92	1	2
163	7	2	1
164	7	0	1
163	6	2	2
164	6	0	1
163	14	2	2
164	14	0	2
163	17	2	1
164	17	0	2
163	33	2	2
164	33	0	2
159	7	0	1
159	54	0	1
159	8	0	1
159	30	0	0
159	181	0	2
156	7	1	1
156	14	1	2
156	59	1	2
156	87	1	2
156	182	1	0
162	7	2	1
162	109	2	2
162	17	2	2
162	183	2	2
162	20	2	0
158	7	1	1
158	31	1	2
158	34	1	0
158	87	1	2
158	104	1	2
164	2	0	0
164	7	0	1
164	18	0	0
164	8	0	1
164	62	0	1
157	17	1	1
157	33	1	1
157	30	1	0
157	7	1	1
157	184	1	2
155	7	0	1
155	8	0	1
155	115	0	0
155	17	0	0
155	33	0	2
165	17	2	0
165	59	2	1
165	8	2	1
165	185	2	2
165	81	2	2
166	7	0	1
166	22	0	1
166	8	0	1
166	143	0	0
166	33	0	1
167	7	0	1
167	8	0	1
167	114	0	2
167	22	0	1
167	33	0	2
168	7	0	1
168	17	0	1
168	62	0	0
168	8	0	1
168	36	0	1
169	7	2	1
169	17	2	0
169	8	2	0
169	102	2	1
169	14	2	2
165	2	2	0
170	2	1	0
165	7	2	1
170	7	1	1
165	22	2	0
170	22	1	1
165	8	2	1
170	8	1	1
165	73	2	1
170	73	1	2
171	7	1	1
172	7	2	1
169	7	2	1
171	18	1	0
172	18	2	0
169	18	2	0
171	92	1	2
172	92	2	2
169	92	2	2
171	44	1	1
172	44	2	1
169	44	2	1
171	186	1	2
172	186	2	2
169	186	2	2
173	7	1	1
173	8	1	1
173	17	1	2
173	33	1	1
173	187	1	0
174	2	1	0
174	7	1	1
174	138	1	2
174	8	1	1
174	36	1	1
175	7	0	1
175	8	0	1
175	17	0	2
175	33	0	1
175	188	0	1
167	7	0	1
167	17	0	0
167	22	0	1
167	6	0	1
167	34	0	0
168	14	0	2
172	14	2	2
168	7	0	1
172	7	2	1
168	8	0	1
172	8	2	1
168	33	0	1
172	33	2	2
168	40	0	2
172	40	2	2
174	2	1	0
174	7	1	1
174	33	1	2
174	36	1	1
174	189	1	1
170	52	1	1
170	35	1	2
170	170	1	1
170	179	1	1
170	106	1	1
166	2	0	0
166	7	0	1
166	33	0	2
166	17	0	1
166	120	0	0
175	7	0	1
175	17	0	0
175	22	0	1
175	143	0	1
175	14	0	2
173	115	1	0
173	6	1	1
173	64	1	1
173	10	1	1
173	71	1	1
171	2	1	0
171	102	1	0
171	34	1	1
171	145	1	1
171	190	1	2
176	22	2	1
176	34	2	0
176	36	2	1
176	181	2	1
176	191	2	2
176	7	2	1
176	17	2	0
176	22	2	1
176	33	2	1
176	120	2	2
177	7	0	1
177	17	0	0
177	154	0	0
177	30	0	0
177	104	0	2
177	8	0	1
177	17	0	2
177	34	0	2
177	192	0	1
177	14	0	2
178	7	2	1
178	17	2	0
178	117	2	2
178	33	2	2
178	97	2	2
179	7	2	1
179	72	2	2
179	69	2	0
179	193	2	2
179	194	2	2
180	7	2	1
180	8	2	1
180	33	2	2
180	17	2	0
180	141	2	1
181	33	2	1
182	33	0	1
181	7	2	1
182	7	0	1
181	87	2	2
182	87	0	0
181	75	2	1
182	75	0	0
181	195	2	1
182	195	0	2
183	7	0	1
183	24	0	0
183	33	0	2
183	17	0	1
183	196	0	1
183	102	0	2
183	7	0	1
183	193	0	1
183	195	0	1
183	190	0	1
180	7	2	1
180	8	2	1
180	17	2	2
180	44	2	2
180	33	2	1
184	7	0	1
184	197	0	0
184	35	0	0
184	104	0	1
184	26	0	0
185	17	0	1
185	14	0	2
185	152	0	0
185	36	0	2
185	5	0	0
179	7	2	1
179	33	2	2
179	71	2	1
179	34	2	0
179	198	2	2
181	7	2	1
181	20	2	1
181	104	2	2
181	14	2	2
181	35	2	2
185	7	0	1
185	33	0	1
185	69	0	0
185	10	0	0
185	104	0	2
186	7	2	1
186	34	2	2
186	120	2	2
186	69	2	2
186	199	2	1
184	7	0	1
184	8	0	1
184	17	0	1
184	68	0	0
184	35	0	1
187	8	2	1
187	33	2	1
187	14	2	2
187	109	2	2
187	17	2	0
182	7	0	1
182	17	0	2
182	33	0	1
182	6	0	1
182	36	0	1
186	7	2	1
186	8	2	1
186	17	2	2
186	33	2	2
186	30	2	1
188	33	0	2
188	33	0	0
188	34	0	0
188	34	0	0
188	173	0	0
188	173	0	0
188	7	0	1
188	7	0	1
188	142	0	1
188	142	0	2
187	7	2	1
178	7	2	1
187	17	2	1
178	17	2	2
187	8	2	1
178	8	2	1
187	34	2	1
178	34	2	1
187	200	2	2
178	200	2	2
189	7	2	1
189	33	2	1
189	30	2	0
189	87	2	1
189	176	2	2
190	7	2	1
190	17	2	1
190	20	2	2
190	104	2	2
190	66	2	2
191	7	0	1
191	17	0	2
191	102	0	0
191	33	0	1
191	0	0	0
192	7	0	1
192	17	0	1
192	8	0	1
192	40	0	0
192	87	0	0
190	7	2	1
190	17	2	2
190	201	2	1
190	34	2	0
190	195	2	2
193	7	1	1
193	17	1	2
193	33	1	2
193	66	1	1
193	113	1	0
192	7	0	1
192	33	0	2
192	29	0	0
192	20	0	0
192	196	0	0
189	7	2	1
189	57	2	2
189	104	2	2
189	65	2	2
189	192	2	0
194	34	1	0
194	112	1	2
194	7	1	1
194	142	1	1
194	202	1	0
194	7	1	1
194	8	1	1
194	186	1	0
194	35	1	2
194	26	1	1
191	7	0	1
195	7	2	1
191	17	0	1
195	17	2	2
191	33	0	1
195	33	2	2
191	203	0	0
195	203	2	2
191	6	0	1
195	6	2	2
195	204	2	2
195	7	2	1
195	71	2	1
195	26	2	2
195	100	2	1
193	8	1	1
193	6	1	1
193	7	1	1
193	10	1	0
193	26	1	0
196	117	1	1
196	205	1	2
196	65	1	0
196	105	1	0
196	206	1	1
196	7	1	1
197	7	0	1
196	17	1	2
197	17	0	1
196	64	1	0
197	64	0	2
196	156	1	2
197	156	0	2
196	87	1	1
197	87	0	2
198	7	0	1
198	17	0	0
198	8	0	1
198	34	0	0
198	33	0	1
199	7	1	1
199	17	1	0
199	33	1	2
199	14	1	2
199	34	1	0
198	33	0	1
198	207	0	0
198	112	0	2
198	208	0	2
198	78	0	0
200	7	2	1
200	17	2	0
200	109	2	0
200	195	2	2
200	112	2	1
199	7	1	1
199	33	1	2
199	97	1	1
199	209	1	1
199	210	1	1
200	7	2	1
200	8	2	1
200	36	2	1
200	211	2	0
200	34	2	0
197	7	0	1
197	45	0	2
197	212	0	2
197	213	0	2
197	214	0	2
201	7	1	1
202	7	0	1
203	7	1	1
201	40	1	2
202	40	0	1
203	40	1	2
201	215	1	2
202	215	0	1
203	215	1	2
201	216	1	0
202	216	0	1
203	216	1	1
201	196	1	1
202	196	0	1
203	196	1	1
204	7	1	1
204	8	1	1
204	17	1	1
204	217	1	1
204	190	1	0
204	33	1	1
205	33	0	2
204	152	1	2
205	152	0	2
204	75	1	0
205	75	0	0
204	5	1	2
205	5	0	0
204	65	1	1
205	65	0	0
206	7	0	1
206	87	0	2
206	10	0	0
206	26	0	1
206	65	0	0
207	7	0	1
208	7	1	1
207	158	0	0
208	158	1	0
207	104	0	0
208	104	1	0
207	5	0	0
208	5	1	0
207	17	0	2
208	17	1	1
209	7	1	1
209	33	1	2
209	167	1	2
209	208	1	1
209	218	1	2
202	17	0	0
202	216	0	1
202	20	0	1
202	112	0	1
202	219	0	1
210	7	2	1
203	7	1	1
210	8	2	1
203	8	1	1
210	14	2	2
203	14	1	2
210	76	2	2
203	76	1	2
210	105	2	2
203	105	1	1
211	192	2	1
211	71	2	1
211	25	2	0
211	65	2	1
211	14	2	2
201	7	1	1
201	72	1	1
201	220	1	1
201	87	1	1
201	104	1	1
207	7	0	1
207	17	0	1
207	204	0	2
207	221	0	0
207	26	0	0
206	7	0	1
206	33	0	1
206	141	0	0
206	195	0	2
206	65	0	1
212	8	0	1
212	119	0	0
212	205	0	2
212	20	0	2
212	26	0	2
213	7	2	1
213	14	2	2
213	6	2	1
213	222	2	2
213	34	2	0
214	8	0	1
214	52	0	2
214	10	0	0
214	106	0	0
214	90	0	1
215	7	0	1
215	33	0	2
215	87	0	2
215	174	0	2
215	90	0	1
205	7	0	1
205	34	0	0
205	168	0	2
205	14	0	2
205	223	0	2
210	45	2	1
210	35	2	2
210	65	2	2
210	112	2	2
210	170	2	1
209	7	1	1
209	199	1	2
209	35	1	1
209	14	1	2
209	17	1	1
212	7	0	1
212	35	0	2
212	224	0	2
212	225	0	2
212	193	0	2
216	221	2	1
214	221	0	2
215	221	0	2
216	196	2	1
214	196	0	0
215	196	0	0
216	134	2	2
214	134	0	2
215	134	0	2
216	17	2	1
214	17	0	1
215	17	0	0
216	26	2	1
214	26	0	1
215	26	0	1
213	7	2	1
208	7	1	1
213	17	2	1
208	17	1	2
213	87	2	2
208	87	1	2
213	72	2	0
208	72	1	0
213	26	2	0
208	26	1	0
216	33	2	1
216	42	2	2
216	40	2	2
216	7	2	1
216	35	2	2
211	7	2	1
211	33	2	1
211	31	2	2
211	168	2	2
211	170	2	1
217	7	1	1
217	40	1	2
217	125	1	1
217	87	1	0
217	226	1	1
218	8	1	1
219	8	0	1
220	8	1	1
221	8	1	1
218	17	1	2
219	17	0	1
220	17	1	2
221	17	1	1
218	44	1	1
219	44	0	0
220	44	1	1
221	44	1	0
218	7	1	1
219	7	0	1
220	7	1	1
221	7	1	1
218	165	1	1
219	165	0	0
220	165	1	1
221	165	1	0
222	7	0	1
222	152	0	0
222	69	0	1
222	166	0	0
222	136	0	0
219	34	0	0
219	69	0	0
219	170	0	0
219	98	0	1
219	208	0	1
223	7	0	1
223	17	0	1
223	69	0	1
223	191	0	0
223	112	0	2
217	7	1	1
220	7	1	1
217	69	1	2
220	69	1	2
217	196	1	2
220	196	1	2
217	227	1	2
220	227	1	1
217	142	1	1
220	142	1	2
221	7	1	1
221	193	1	2
221	35	1	1
221	149	1	0
221	105	1	2
222	7	0	1
222	228	0	1
222	39	0	2
222	35	0	1
222	229	0	2
218	6	1	2
218	87	1	0
218	106	1	0
218	100	1	1
218	90	1	0
223	7	0	1
223	33	0	1
223	69	0	1
223	20	0	0
223	90	0	0
224	33	0	2
225	33	1	2
224	7	0	1
225	7	1	1
224	209	0	1
225	209	1	1
224	34	0	1
225	34	1	0
224	105	0	1
225	105	1	2
226	226	0	2
226	104	0	2
226	26	0	2
226	14	0	2
226	54	0	2
224	8	0	1
224	30	0	0
224	228	0	0
224	10	0	0
224	136	0	0
226	14	0	2
226	87	0	2
226	192	0	1
226	35	0	1
226	112	0	1
225	34	1	1
225	69	1	0
225	87	1	1
225	10	1	0
225	120	1	0
227	7	2	1
227	75	2	1
227	158	2	1
227	166	2	2
227	44	2	1
228	7	0	1
228	75	0	2
228	17	0	1
228	142	0	2
228	230	0	2
227	120	2	2
227	72	2	2
227	75	2	1
227	20	2	2
227	112	2	1
228	33	0	1
228	220	0	2
228	87	0	2
228	10	0	2
228	90	0	0
229	7	0	1
229	183	0	0
229	231	0	1
229	17	0	2
229	65	0	0
230	34	1	2
230	87	1	1
230	196	1	1
230	35	1	1
230	26	1	1
229	7	0	1
229	195	0	1
229	14	0	2
229	104	0	0
229	65	0	0
230	88	1	1
230	10	1	0
230	136	1	1
230	208	1	1
230	18	1	0
231	17	2	0
231	7	2	1
231	35	2	2
231	44	2	1
231	112	2	2
232	7	0	1
232	34	0	0
232	65	0	0
232	100	0	1
232	168	0	0
233	7	0	1
233	75	0	0
233	232	0	1
233	103	0	0
233	179	0	1
234	7	1	1
234	34	1	2
234	87	1	2
234	125	1	2
234	35	1	1
233	7	0	1
233	34	0	0
233	10	0	0
233	26	0	0
233	35	0	0
235	7	2	1
232	7	0	1
235	5	2	1
232	5	0	0
235	14	2	2
232	14	0	2
235	90	2	2
232	90	0	1
235	25	2	2
232	25	0	0
236	7	1	1
231	7	2	1
236	104	1	2
231	104	2	2
236	190	1	1
231	190	2	1
236	65	1	0
231	65	2	0
236	179	1	2
231	179	2	1
235	7	2	1
237	7	2	1
238	7	2	1
235	87	2	2
237	87	2	2
238	87	2	1
235	233	2	2
237	233	2	2
238	233	2	1
235	14	2	2
237	14	2	2
238	14	2	2
235	18	2	2
237	18	2	2
238	18	2	1
236	25	1	2
236	100	1	0
236	14	1	2
236	18	1	1
236	54	1	1
234	7	1	1
234	25	1	2
234	65	1	1
234	26	1	1
234	35	1	2
238	141	2	2
238	10	2	1
238	18	2	0
238	81	2	1
238	142	2	0
237	7	2	1
237	34	2	1
237	25	2	2
237	234	2	1
237	235	2	1
239	7	0	1
239	196	0	0
239	44	0	0
239	90	0	1
239	179	0	0
240	7	0	1
240	18	0	0
240	142	0	0
240	115	0	0
240	236	0	0
241	17	1	1
241	196	1	1
241	45	1	1
241	237	1	1
241	14	1	2
239	195	0	2
239	10	0	0
239	35	0	0
239	105	0	2
239	14	0	2
240	7	0	1
240	186	0	0
240	120	0	0
240	105	0	1
240	44	0	0
242	7	0	1
242	34	0	1
242	104	0	1
242	170	0	1
242	26	0	1
242	7	0	1
242	19	0	0
242	65	0	1
242	233	0	1
242	14	0	2
243	7	1	1
243	238	1	0
243	170	1	2
243	105	1	0
243	14	1	2
243	7	1	1
241	7	1	1
243	10	1	0
241	10	1	0
243	65	1	1
241	65	1	0
243	5	1	1
241	5	1	1
243	90	1	0
241	90	1	0
244	7	0	1
244	104	0	2
244	25	0	2
244	1	0	1
244	239	0	0
245	7	0	1
245	149	0	0
245	90	0	0
245	25	0	0
245	26	0	0
246	149	2	1
246	112	2	1
246	14	2	2
246	240	2	2
246	25	2	2
247	7	2	1
247	170	2	2
247	208	2	2
247	72	2	2
247	23	2	2
248	241	2	1
248	149	2	0
248	18	2	0
248	81	2	0
248	7	2	1
245	7	0	1
245	71	0	1
245	167	0	2
245	100	0	0
245	179	0	0
248	7	2	1
248	20	2	0
248	104	2	2
248	5	2	1
248	26	2	0
247	7	2	1
247	44	2	2
247	105	2	2
247	100	2	2
247	112	2	2
244	14	0	2
244	142	0	1
244	242	0	0
244	20	0	1
244	219	0	2
246	7	2	1
246	104	2	2
246	14	2	2
246	136	2	0
246	168	2	2
249	7	2	1
249	142	2	2
249	230	2	1
249	65	2	1
249	106	2	1
250	7	1	1
250	179	1	0
250	35	1	1
250	162	1	1
250	87	1	0
251	7	1	1
251	196	1	1
251	243	1	0
251	65	1	0
251	200	1	1
252	7	0	1
252	44	0	1
252	5	0	0
252	90	0	0
252	105	0	2
252	7	0	1
252	65	0	0
252	229	0	1
252	25	0	1
252	14	0	2
250	7	1	1
250	35	1	1
250	112	1	1
250	105	1	2
250	149	1	2
249	7	2	1
249	71	2	1
249	105	2	2
249	14	2	2
249	244	2	2
251	7	1	1
251	44	1	0
251	100	1	0
251	106	1	0
251	25	1	0
253	39	0	2
253	90	0	0
253	112	0	2
253	149	0	0
253	14	0	2
254	25	1	2
254	7	1	1
254	142	1	2
254	122	1	0
254	219	1	0
255	25	2	1
255	14	2	2
255	18	2	0
255	245	2	0
255	10	2	1
256	26	0	2
256	170	0	2
256	179	0	1
256	246	0	1
256	136	0	0
257	17	0	1
257	170	0	1
257	25	0	2
257	136	0	1
257	247	0	2
258	7	2	1
258	65	2	0
258	90	2	1
258	142	2	1
258	248	2	2
255	35	2	1
259	35	2	2
255	17	2	2
259	17	2	1
255	25	2	0
259	25	2	2
255	229	2	2
259	229	2	2
255	7	2	1
259	7	2	1
257	45	0	0
257	136	0	2
257	179	0	2
257	112	0	2
257	7	0	1
256	104	0	0
256	44	0	0
256	112	0	1
256	17	0	2
256	14	0	2
260	7	1	1
260	113	1	2
260	106	1	0
260	223	1	2
260	249	1	1
253	7	0	1
253	35	0	2
253	168	0	2
253	14	0	2
253	210	0	1
258	7	2	1
258	34	2	0
258	149	2	0
258	100	2	1
258	250	2	1
259	7	2	1
259	25	2	2
259	158	2	1
259	251	2	1
259	252	2	2
260	7	1	1
260	65	1	0
260	17	1	0
260	192	1	0
260	112	1	1
254	100	1	1
254	17	1	1
254	112	1	2
254	149	1	1
254	14	1	2
261	7	0	1
261	65	0	0
261	17	0	2
261	149	0	0
261	229	0	1
261	65	0	0
261	149	0	0
261	142	0	1
261	7	0	1
261	23	0	2
262	104	1	2
262	112	1	2
262	35	1	2
262	34	1	1
262	142	1	1
262	7	1	1
262	167	1	1
262	100	1	0
262	26	1	0
262	25	1	2
263	7	0	1
263	229	0	1
263	25	0	2
263	149	0	0
263	14	0	2
263	7	0	1
263	253	0	1
263	35	0	1
263	113	0	2
263	251	0	1
264	90	1	1
265	90	0	1
264	14	1	2
265	14	0	2
264	34	1	1
265	34	0	1
264	142	1	0
265	142	0	1
264	250	1	1
265	250	0	1
266	149	0	1
267	149	0	0
268	149	1	1
266	65	0	0
267	65	0	1
268	65	1	1
266	18	0	1
267	18	0	0
268	18	1	1
266	254	0	1
267	254	0	0
268	254	1	0
266	255	0	1
267	255	0	0
268	255	1	1
269	7	1	1
269	104	1	1
269	256	1	2
269	115	1	1
269	206	1	1
265	229	0	1
265	71	0	1
265	14	0	2
265	142	0	2
265	257	0	1
267	112	0	0
267	35	0	2
267	14	0	2
267	142	0	1
267	7	0	1
268	7	1	1
268	149	1	0
268	192	1	0
268	142	1	2
268	250	1	0
264	34	1	1
264	149	1	2
264	35	1	2
264	256	1	2
264	10	1	1
269	170	1	2
266	170	0	2
269	258	1	1
266	258	0	1
269	142	1	2
266	142	0	0
269	242	1	0
266	242	0	2
269	197	1	0
266	197	0	1
270	17	0	2
270	35	0	1
270	90	0	0
270	14	0	2
270	26	0	0
271	7	1	1
271	14	1	2
271	170	1	1
271	18	1	0
271	142	1	1
272	106	1	0
272	14	1	2
272	10	1	1
272	259	1	2
272	23	1	1
273	112	2	2
274	112	0	1
270	112	0	1
273	44	2	2
274	44	0	0
270	44	0	0
273	100	2	1
274	100	0	0
270	100	0	0
273	1	2	1
274	1	0	1
270	1	0	1
273	113	2	2
274	113	0	2
270	113	0	2
275	7	1	1
275	90	1	0
275	98	1	1
275	260	1	0
275	44	1	1
276	25	0	1
276	17	0	0
276	44	0	0
276	100	0	0
276	26	0	1
274	14	0	2
274	90	0	0
274	98	0	0
274	1	0	0
274	18	0	0
276	7	0	1
277	7	0	1
276	5	0	0
277	5	0	2
276	261	0	1
277	261	0	2
276	14	0	2
277	14	0	2
276	105	0	2
277	105	0	0
273	26	2	2
273	25	2	2
273	105	2	2
273	262	2	2
273	263	2	2
272	7	1	1
272	65	1	0
272	104	1	2
272	54	1	0
272	14	1	2
278	7	1	1
275	7	1	1
278	35	1	2
275	35	1	1
278	65	1	2
275	65	1	1
278	163	1	2
275	163	1	2
278	81	1	2
275	81	1	2
279	7	1	1
279	136	1	2
279	44	1	1
279	170	1	1
279	142	1	2
271	7	1	1
280	7	1	1
271	170	1	1
280	170	1	1
271	65	1	0
280	65	1	1
271	14	1	2
280	14	1	2
271	26	1	1
280	26	1	1
281	7	1	1
281	35	1	2
281	149	1	0
281	230	1	1
281	264	1	2
282	65	2	2
282	112	2	2
282	229	2	2
282	214	2	1
282	105	2	1
283	17	2	1
283	265	2	1
283	18	2	0
283	14	2	2
283	260	2	1
278	229	1	1
278	100	1	2
278	170	1	1
278	7	1	1
278	264	1	2
282	14	2	2
282	54	2	2
282	266	2	2
282	65	2	1
282	106	2	1
281	7	1	1
281	17	1	1
281	25	1	2
281	112	1	2
281	18	1	1
283	105	2	1
283	18	2	0
283	242	2	0
283	256	2	2
283	88	2	2
279	14	1	2
279	35	1	1
279	113	1	2
279	142	1	2
279	1	1	1
280	14	1	2
280	25	1	1
280	112	1	1
280	81	1	2
280	142	1	2
277	35	0	2
277	90	0	1
277	14	0	2
277	249	0	2
277	142	0	2
284	105	0	2
284	90	0	1
284	142	0	2
284	7	0	1
284	87	0	1
285	7	1	1
286	7	2	1
285	90	1	1
286	90	2	1
285	14	1	2
286	14	2	2
285	142	1	2
286	142	2	2
285	230	1	1
286	230	2	0
287	7	0	1
287	14	0	2
287	26	0	0
287	104	0	1
287	267	0	0
288	65	1	0
288	105	1	0
288	34	1	0
288	206	1	1
288	120	1	0
289	7	0	1
289	65	0	1
289	149	0	2
289	100	0	1
289	142	0	1
285	268	1	2
285	136	1	0
285	269	1	2
285	270	1	2
285	206	1	0
290	192	0	0
290	18	0	0
290	142	0	1
290	250	0	1
290	14	0	2
291	7	1	1
291	112	1	1
291	90	1	0
291	35	1	1
291	208	1	1
288	7	1	1
288	25	1	0
288	14	1	2
288	87	1	1
288	206	1	0
292	25	1	2
292	170	1	2
292	14	1	2
292	142	1	1
292	271	1	0
291	105	1	0
291	98	1	1
291	265	1	1
291	1	1	0
291	18	1	0
286	34	2	0
286	208	2	1
286	7	2	1
286	14	2	2
286	142	2	1
292	7	1	1
292	26	1	2
292	72	1	0
292	142	1	0
292	107	1	1
284	7	0	1
284	142	0	2
284	246	0	2
284	14	0	2
284	230	0	1
289	7	0	1
290	7	0	1
289	35	0	2
290	35	0	2
289	18	0	2
290	18	0	0
289	131	0	2
290	131	0	0
289	250	0	2
290	250	0	1
287	7	0	1
287	170	0	0
287	35	0	1
287	18	0	0
287	102	0	0
293	7	1	1
293	17	1	2
293	179	1	1
293	100	1	1
293	1	1	0
294	7	0	1
294	100	0	1
294	149	0	0
294	272	0	1
294	142	0	1
295	149	0	2
295	170	0	1
295	14	0	2
295	224	0	2
295	250	0	1
294	7	0	1
294	4	0	0
294	18	0	1
294	14	0	2
294	107	0	1
296	90	0	0
296	112	0	2
296	25	0	2
296	1	0	1
296	246	0	1
297	112	1	1
297	131	1	0
297	10	1	1
297	14	1	2
297	273	1	0
298	251	2	1
298	142	2	1
298	44	2	1
298	87	2	1
298	113	2	2
299	170	1	0
299	149	1	1
299	208	1	0
299	35	1	1
299	251	1	1
296	17	0	1
296	233	0	1
296	274	0	1
296	179	0	0
296	18	0	0
297	100	1	0
297	264	1	1
297	142	1	0
297	44	1	1
297	14	1	2
299	7	1	1
299	149	1	0
299	14	1	2
299	251	1	1
299	142	1	1
298	170	2	1
298	14	2	2
298	149	2	1
298	7	2	1
298	275	2	1
295	7	0	1
295	25	0	2
295	98	0	1
295	105	0	2
295	18	0	1
293	98	1	2
293	71	1	1
293	7	1	1
293	10	1	2
293	142	1	0
300	7	1	1
300	26	1	1
300	251	1	1
300	102	1	0
300	81	1	2
301	149	0	2
302	149	1	0
301	100	0	1
302	100	1	1
301	85	0	2
302	85	1	2
301	7	0	1
302	7	1	1
301	20	0	1
302	20	1	1
303	7	1	1
303	251	1	1
303	163	1	2
303	142	1	1
303	260	1	1
304	35	0	1
304	149	0	0
304	7	0	1
304	10	0	0
304	214	0	0
300	35	1	2
300	14	1	2
300	7	1	1
300	246	1	1
300	206	1	1
301	7	0	1
301	71	0	1
301	5	0	1
301	242	0	0
301	276	0	2
305	7	1	1
305	149	1	2
305	14	1	2
305	210	1	1
305	272	1	2
302	277	1	1
303	277	1	1
306	277	1	1
302	278	1	2
303	278	1	0
306	278	1	2
302	142	1	1
303	142	1	1
306	142	1	1
302	113	1	2
303	113	1	2
306	113	1	2
302	14	1	2
303	14	1	2
306	14	1	2
304	14	0	2
304	105	0	1
304	142	0	2
304	213	0	0
304	256	0	0
306	7	1	1
306	112	1	2
306	240	1	1
306	14	1	2
306	142	1	1
305	105	1	2
305	218	1	0
305	72	1	0
305	7	1	1
305	142	1	1
307	105	0	2
307	54	0	0
307	81	0	2
307	7	0	1
307	271	0	1
308	90	0	1
309	90	2	0
308	7	0	1
309	7	2	1
308	202	0	1
309	202	2	2
308	279	0	2
309	279	2	2
308	87	0	2
309	87	2	0
308	72	0	2
308	280	0	1
308	87	0	2
308	281	0	1
308	282	0	1
310	91	1	1
310	250	1	1
310	230	1	1
310	235	1	1
310	14	1	2
310	7	1	1
310	35	1	1
310	131	1	1
310	142	1	2
310	271	1	0
307	14	0	2
307	210	0	2
307	81	0	2
307	20	0	2
307	7	0	1
309	247	2	2
309	271	2	0
309	283	2	2
309	106	2	1
309	120	2	1
311	7	1	1
311	14	1	2
311	25	1	2
311	208	1	2
311	104	1	0
312	7	2	1
312	35	2	2
312	18	2	1
312	142	2	2
312	193	2	2
313	170	0	1
311	170	1	0
313	35	0	1
311	35	1	1
313	10	0	0
311	10	1	1
313	284	0	1
311	284	1	1
313	206	0	2
311	206	1	1
312	14	2	2
312	23	2	2
312	230	2	2
312	285	2	1
312	223	2	2
313	113	0	2
313	269	0	1
313	7	0	1
313	142	0	1
313	242	0	1
314	7	0	1
314	34	0	0
314	142	0	1
314	87	0	0
314	20	0	0
315	7	1	1
315	25	1	2
315	106	1	2
315	170	1	1
315	262	1	1
315	7	1	1
314	7	0	1
316	7	0	1
315	35	1	1
314	35	0	0
316	35	0	1
315	286	1	2
314	286	0	0
316	286	0	2
315	225	1	0
314	225	0	0
316	225	0	1
315	206	1	1
314	206	0	1
316	206	0	1
317	262	1	0
318	262	2	0
317	54	1	0
318	54	2	0
317	287	1	0
318	287	2	2
317	142	1	0
318	142	2	1
317	169	1	0
318	169	2	1
319	44	0	1
320	44	2	1
319	169	0	1
320	169	2	2
319	264	0	2
320	264	2	2
319	14	0	2
320	14	2	2
319	120	0	1
320	120	2	2
321	208	1	2
321	72	1	1
321	14	1	2
321	142	1	1
321	7	1	1
322	260	0	0
322	142	0	1
322	169	0	0
322	250	0	1
322	23	0	2
323	7	0	1
321	7	1	1
323	14	0	2
321	14	1	2
323	225	0	1
321	225	1	1
323	235	0	2
321	235	1	2
323	206	0	1
321	206	1	2
317	256	1	2
317	230	1	1
317	219	1	1
317	14	1	2
317	271	1	0
316	35	0	2
316	288	0	2
316	289	0	2
316	142	0	1
316	87	0	2
319	7	0	1
319	247	0	2
319	245	0	0
319	20	0	1
319	230	0	1
322	25	0	2
322	212	0	1
322	87	0	2
322	250	0	1
322	14	0	2
320	7	2	1
320	208	2	2
320	71	2	0
320	130	2	2
320	142	2	1
318	210	2	2
318	18	2	1
318	14	2	2
318	264	2	2
318	250	2	1
323	7	0	1
323	54	0	1
323	44	0	0
323	246	0	0
323	214	0	0
324	18	1	2
324	7	1	1
324	142	1	1
324	115	1	1
324	169	1	2
325	142	0	0
325	206	0	0
325	122	0	0
325	10	0	1
325	62	0	0
326	7	1	1
326	219	1	0
326	14	1	2
326	290	1	0
326	291	1	2
324	35	1	1
324	210	1	0
324	7	1	1
324	81	1	2
324	142	1	2
325	35	0	1
325	149	0	1
325	292	0	0
325	14	0	2
325	293	0	0
326	251	1	0
326	142	1	2
326	250	1	1
326	14	1	2
326	113	1	2
327	14	2	2
328	14	0	2
327	7	2	1
328	7	0	1
327	246	2	1
328	246	0	1
327	219	2	0
328	219	0	0
327	206	2	1
328	206	0	0
327	7	2	1
327	142	2	2
327	197	2	0
327	65	2	0
327	219	2	1
329	105	0	0
330	105	0	0
329	294	0	0
330	294	0	1
329	14	0	2
330	14	0	2
329	142	0	1
330	142	0	1
329	295	0	0
330	295	0	0
331	142	0	1
331	7	0	1
331	219	0	0
331	250	0	0
331	271	0	0
331	256	0	0
331	115	0	0
331	259	0	0
331	219	0	0
331	14	0	2
332	206	0	0
332	271	0	1
332	249	0	0
332	122	0	0
332	296	0	0
333	7	0	1
333	142	0	0
333	14	0	2
333	297	0	2
333	230	0	0
329	7	0	1
329	142	0	1
329	14	0	2
329	10	0	0
329	256	0	0
333	239	0	0
333	142	0	1
333	206	0	0
333	298	0	1
333	223	0	0
328	18	0	0
328	44	0	0
328	299	0	2
328	300	0	2
328	301	0	0
330	7	0	1
330	142	0	1
330	87	0	0
330	14	0	2
330	230	0	0
332	142	0	0
332	206	0	0
332	219	0	0
332	271	0	0
332	10	0	0
334	162	0	0
334	72	0	0
334	87	0	1
334	23	0	2
334	65	0	0
334	18	0	0
334	87	0	1
334	7	0	1
334	259	0	1
334	20	0	0
335	7	2	1
335	302	2	1
335	266	2	2
335	206	2	2
335	303	2	1
335	7	2	1
335	279	2	2
335	87	2	1
335	283	2	2
335	206	2	2
336	7	0	1
336	230	0	1
336	120	0	0
336	65	0	2
336	10	0	1
337	242	1	2
337	7	1	1
337	250	1	2
337	271	1	2
337	19	1	2
336	14	0	2
336	142	0	0
336	206	0	1
336	250	0	1
336	10	0	1
337	304	1	2
337	20	1	2
337	230	1	1
337	113	1	1
337	14	1	2
338	7	2	1
338	256	2	2
338	250	2	1
338	230	2	1
338	14	2	2
339	142	2	0
339	91	2	2
339	305	2	2
339	7	2	1
339	106	2	1
340	256	2	2
340	87	2	2
340	235	2	1
340	106	2	1
340	296	2	2
339	142	2	2
339	220	2	1
339	169	2	0
339	250	2	1
339	306	2	2
341	142	0	2
341	7	0	1
341	250	0	2
341	14	0	2
341	271	0	1
338	0	2	2
338	69	2	2
338	250	2	1
338	10	2	0
338	113	2	2
340	142	2	1
340	276	2	1
340	250	2	2
340	206	2	1
340	14	2	2
342	142	0	1
342	307	0	0
342	87	0	0
342	259	0	0
342	250	0	0
343	7	2	1
343	142	2	0
343	230	2	0
343	106	2	1
343	250	2	0
344	7	1	1
344	87	1	1
344	235	1	2
344	308	1	2
344	1	1	0
342	142	0	2
342	87	0	0
342	246	0	0
342	88	0	0
342	136	0	0
344	142	1	0
344	87	1	1
344	113	1	2
344	20	1	1
344	309	1	2
343	197	2	1
343	14	2	2
343	10	2	1
343	62	2	1
343	1	2	2
345	7	1	1
346	7	0	1
345	271	1	0
346	271	0	0
345	310	1	1
346	310	0	1
345	311	1	1
346	311	0	0
345	312	1	2
346	312	0	0
347	7	0	1
347	142	0	1
347	87	0	2
347	298	0	0
347	283	0	2
345	142	1	1
348	142	2	2
345	313	1	1
348	313	2	2
345	169	1	1
348	169	2	2
345	219	1	1
348	219	2	1
345	62	1	1
348	62	2	0
349	7	2	1
349	314	2	2
349	250	2	1
349	10	2	1
349	230	2	1
350	295	2	2
350	87	2	2
350	23	2	2
350	230	2	1
350	249	2	2
351	7	0	1
347	7	0	1
351	7	0	1
351	142	0	1
347	142	0	2
351	142	0	1
351	69	0	2
347	69	0	2
351	69	0	2
351	20	0	1
347	20	0	1
351	20	0	1
351	206	0	1
347	206	0	1
351	206	0	1
348	142	2	2
349	142	2	0
348	250	2	2
349	250	2	1
348	44	2	1
349	44	2	1
348	62	2	1
349	62	2	1
348	249	2	2
349	249	2	0
346	257	0	0
346	20	0	0
346	264	0	1
346	10	0	0
346	315	0	2
350	142	2	1
350	7	2	1
350	23	2	2
350	14	2	2
350	311	2	2
352	142	1	1
352	14	1	2
352	230	1	1
352	44	1	1
352	306	1	2
353	7	1	1
353	142	1	1
353	250	1	0
353	10	1	2
353	230	1	1
354	142	1	1
354	14	1	2
354	206	1	2
354	197	1	2
354	224	1	2
355	142	1	1
352	142	1	2
355	7	1	1
352	7	1	1
355	197	1	2
352	197	1	2
355	264	1	2
352	264	1	2
355	291	1	2
352	291	1	2
355	250	1	2
355	230	1	1
355	113	1	2
355	120	1	2
355	14	1	2
353	142	1	1
353	14	1	2
353	250	1	1
353	316	1	2
353	317	1	1
354	142	1	1
354	250	1	1
354	318	1	2
354	206	1	1
354	223	1	2
356	132	1	1
357	132	2	1
356	23	1	2
357	23	2	0
356	206	1	1
357	206	2	1
356	14	1	2
357	14	2	2
356	62	1	1
357	62	2	1
356	7	1	1
358	7	1	1
356	299	1	2
358	299	1	2
356	271	1	1
358	271	1	1
356	250	1	1
358	250	1	1
356	14	1	2
358	14	1	2
358	87	1	2
358	20	1	2
358	143	1	0
358	44	1	1
358	230	1	2
357	142	2	2
357	20	2	2
357	214	2	2
357	319	2	1
357	1	2	0
359	142	2	1
359	246	2	1
359	219	2	0
359	14	2	2
359	44	2	0
359	14	2	2
359	219	2	0
359	271	2	0
359	106	2	1
359	250	2	0
360	14	1	2
360	1	1	1
360	320	1	2
360	256	1	0
360	317	1	1
361	250	2	2
362	250	1	1
361	14	2	2
362	14	1	2
361	1	2	2
362	1	1	2
361	256	2	2
362	256	1	1
361	321	2	2
362	321	1	1
360	106	1	1
360	113	1	2
360	14	1	2
360	322	1	2
360	309	1	2
341	323	0	2
341	324	0	1
341	325	0	2
341	326	0	0
341	327	0	1
363	328	1	2
361	328	2	2
363	329	1	1
361	329	2	1
363	330	1	2
361	330	2	2
363	331	1	2
361	331	2	1
363	332	1	1
361	332	2	1
363	333	1	1
363	334	1	2
363	264	1	2
363	328	1	2
363	326	1	0
362	330	1	1
362	18	1	1
362	328	1	2
362	335	1	2
362	331	1	1
364	336	0	1
364	323	0	2
364	337	0	1
364	328	0	1
364	19	0	1
364	338	0	1
364	18	0	0
364	328	0	1
364	19	0	0
364	339	0	1
365	340	0	1
365	224	0	2
365	326	0	0
365	85	0	1
365	328	0	1
365	325	0	2
366	325	0	1
365	45	0	0
366	45	0	1
365	341	0	1
366	341	0	1
365	335	0	1
366	335	0	1
365	342	0	0
366	342	0	1
367	338	0	0
367	342	0	0
367	335	0	1
367	5	0	1
367	328	0	2
368	343	1	2
368	338	1	1
368	344	1	1
368	331	1	2
368	5	1	1
367	345	0	0
369	345	0	2
367	324	0	1
369	324	0	1
367	335	0	2
369	335	0	2
367	326	0	1
369	326	0	1
367	346	0	0
369	346	0	2
370	347	2	2
371	347	1	1
370	45	2	2
371	45	1	1
370	348	2	2
371	348	1	0
370	330	2	2
371	330	1	1
370	345	2	2
371	345	1	1
369	328	0	2
369	323	0	2
369	330	0	2
369	325	0	2
369	326	0	0
368	349	1	1
368	323	1	2
368	347	1	2
368	264	1	2
368	326	1	0
371	325	1	2
371	347	1	0
371	350	1	2
371	335	1	1
371	326	1	0
366	351	0	0
370	351	2	2
366	330	0	1
370	330	2	2
366	352	0	1
370	352	2	2
366	332	0	1
370	332	2	1
366	353	0	2
370	353	2	2
372	18	0	0
372	335	0	2
372	328	0	2
372	331	0	1
372	326	0	0
373	345	0	2
373	331	0	0
373	354	0	0
373	328	0	0
373	355	0	1
374	356	1	0
374	351	1	1
374	323	1	2
374	338	1	1
374	335	1	1
372	357	0	2
372	358	0	1
372	359	0	1
372	333	0	2
372	335	0	1
374	328	1	2
373	328	0	2
374	360	1	2
373	360	0	2
374	330	1	1
373	330	0	0
374	345	1	0
373	345	0	0
374	18	1	1
373	18	0	0
375	340	0	1
375	361	0	0
375	326	0	0
375	19	0	1
375	331	0	1
376	323	0	2
376	328	0	2
376	326	0	0
376	19	0	1
376	331	0	1
377	358	1	2
377	323	1	2
377	342	1	1
377	325	1	2
377	19	1	1
376	362	0	0
376	18	0	0
376	335	0	2
376	346	0	1
376	355	0	1
378	335	0	2
378	19	0	1
378	363	0	2
378	326	0	0
378	364	0	2
379	358	0	2
379	224	0	2
379	328	0	2
379	331	0	1
379	326	0	0
377	325	1	2
377	338	1	1
377	330	1	2
377	18	1	0
377	331	1	1
375	329	0	1
375	256	0	2
375	335	0	2
375	331	0	1
375	326	0	0
378	365	0	2
378	330	0	0
378	335	0	2
378	18	0	2
378	45	0	2
379	344	0	1
379	338	0	1
379	331	0	1
379	326	0	0
379	365	0	2
380	343	2	1
381	343	1	1
380	256	2	2
381	256	1	2
380	335	2	2
381	335	1	2
380	331	2	1
381	331	1	1
380	45	2	0
381	45	1	1
382	366	1	2
383	366	0	2
382	107	1	1
383	107	0	0
382	331	1	1
383	331	0	1
382	5	1	1
383	5	0	0
382	190	1	0
383	190	0	0
384	330	0	2
381	330	1	1
384	335	0	2
381	335	1	1
384	342	0	1
381	342	1	1
384	224	0	2
381	224	1	2
384	72	0	1
381	72	1	0
380	234	2	1
380	326	2	0
380	355	2	2
380	367	2	1
380	5	2	1
385	349	1	1
385	256	1	2
385	317	1	2
385	326	1	0
385	331	1	1
384	358	0	1
384	323	0	2
384	344	0	1
384	330	0	1
384	342	0	1
382	330	1	1
382	18	1	0
382	5	1	1
382	45	1	1
382	328	1	1
386	366	0	2
386	331	0	1
386	224	0	2
386	328	0	1
386	326	0	0
387	366	0	2
387	330	0	1
387	342	0	0
387	19	0	1
387	355	0	2
387	358	0	2
387	326	0	0
387	343	0	0
387	368	0	0
387	5	0	0
388	15	1	0
388	331	1	1
388	224	1	2
388	328	1	2
388	326	1	0
385	357	1	2
385	325	1	2
385	339	1	2
385	326	1	0
385	368	1	0
389	328	0	0
389	328	0	0
389	344	0	0
389	344	0	1
389	330	0	0
389	330	0	0
389	324	0	1
389	324	0	1
389	166	0	0
389	166	0	0
386	347	0	0
383	347	0	0
386	342	0	0
383	342	0	0
386	326	0	0
383	326	0	0
386	339	0	1
383	339	0	0
386	19	0	1
383	19	0	0
388	5	1	2
388	328	1	2
388	369	1	1
388	326	1	0
388	353	1	2
390	338	0	0
390	330	0	0
390	335	0	1
390	18	0	0
390	328	0	0
391	224	1	2
391	326	1	0
391	327	1	1
391	19	1	1
391	367	1	2
391	330	1	2
392	330	0	0
391	328	1	1
392	328	0	0
391	326	1	0
392	326	0	0
391	19	1	1
392	19	0	0
391	331	1	0
392	331	0	0
393	323	0	2
393	345	0	0
393	330	0	0
393	326	0	0
393	331	0	0
392	323	0	2
392	338	0	0
392	330	0	0
392	331	0	1
392	19	0	1
393	347	0	0
394	347	1	0
393	345	0	0
394	345	1	0
393	224	0	2
394	224	1	2
393	326	0	0
394	326	1	0
393	325	0	1
394	325	1	2
394	343	1	0
394	338	1	0
394	345	1	0
394	45	1	0
394	346	1	0
395	328	1	2
395	19	1	1
395	331	1	0
395	326	1	0
395	368	1	0
395	331	1	0
395	326	1	0
395	19	1	0
395	355	1	2
395	343	1	0
390	333	0	0
390	342	0	0
390	45	0	0
390	326	0	0
390	367	0	0
396	336	0	1
396	358	0	1
396	366	0	2
396	370	0	0
396	335	0	2
397	330	1	0
398	330	0	0
398	330	0	0
397	328	1	0
398	328	0	2
398	328	0	2
397	326	1	0
398	326	0	0
398	326	0	0
397	331	1	0
398	331	0	0
398	331	0	0
397	19	1	1
398	19	0	1
398	19	0	1
399	323	1	2
400	323	1	2
399	335	1	2
400	335	1	2
399	326	1	0
400	326	1	0
399	328	1	2
400	328	1	2
399	19	1	2
400	19	1	2
401	338	1	0
401	317	1	2
401	264	1	2
401	19	1	1
401	326	1	0
402	5	1	1
402	344	1	0
402	330	1	0
402	371	1	1
402	325	1	2
403	347	0	0
403	322	0	1
403	335	0	2
403	45	0	0
403	328	0	0
404	344	1	1
405	344	1	1
404	328	1	2
405	328	1	2
404	354	1	1
405	354	1	1
404	45	1	1
405	45	1	1
404	325	1	2
405	325	1	2
396	343	0	0
396	333	0	0
396	326	0	0
396	328	0	2
396	331	0	1
406	347	1	1
406	331	1	1
406	372	1	1
406	368	1	0
406	5	1	1
401	360	1	2
401	330	1	1
401	335	1	2
401	331	1	1
401	326	1	0
406	326	1	0
399	326	1	0
407	326	1	0
406	5	1	1
399	5	1	1
407	5	1	1
406	368	1	0
399	368	1	0
407	368	1	0
406	62	1	0
399	62	1	1
407	62	1	0
406	373	1	1
399	373	1	2
407	373	1	2
400	358	1	2
403	358	0	0
400	338	1	2
403	338	0	0
400	5	1	1
403	5	0	0
400	326	1	0
403	326	0	0
400	19	1	1
403	19	0	1
408	15	0	0
408	323	0	2
408	333	0	2
408	224	0	2
408	354	0	0
405	166	1	2
409	166	1	0
405	331	1	2
409	331	1	0
405	335	1	2
409	335	1	1
405	346	1	0
409	346	1	0
405	355	1	2
409	355	1	1
404	328	1	2
404	342	1	1
404	331	1	2
404	326	1	0
404	355	1	2
402	345	1	0
402	328	1	1
402	335	1	1
402	331	1	1
402	326	1	0
397	336	1	0
397	360	1	0
397	338	1	0
397	334	1	1
397	328	1	0
409	323	1	2
409	374	1	1
409	345	1	1
409	331	1	1
409	45	1	1
408	15	0	0
408	317	0	1
408	345	0	1
408	331	0	0
408	328	0	2
407	330	1	2
407	354	1	1
407	375	1	1
407	331	1	0
407	19	1	1
410	328	2	2
410	224	2	2
410	364	2	2
410	19	2	1
410	326	2	0
411	358	0	0
411	376	0	2
411	338	0	0
411	224	0	2
411	328	0	2
412	377	0	0
411	377	0	0
412	224	0	2
411	224	0	2
412	341	0	1
411	341	0	1
412	331	0	1
411	331	0	0
412	326	0	0
411	326	0	0
413	328	0	0
413	326	0	0
413	378	0	0
413	379	0	1
413	72	0	1
414	15	2	1
414	45	2	2
414	317	2	2
414	331	2	1
414	335	2	2
415	322	0	0
415	224	0	2
415	345	0	1
415	328	0	2
415	326	0	0
415	328	0	2
416	328	2	2
415	342	0	0
416	342	2	1
415	326	0	0
416	326	2	0
415	19	0	0
416	19	2	1
415	355	0	2
416	355	2	2
417	380	0	0
417	381	0	1
417	45	0	0
417	331	0	1
417	382	0	0
418	358	1	1
418	343	1	1
418	87	1	1
418	332	1	1
418	331	1	0
418	325	1	2
413	325	0	1
418	5	1	1
413	5	0	0
418	374	1	0
413	374	0	1
418	224	1	2
413	224	0	2
418	328	1	1
413	328	0	2
417	114	0	0
414	114	2	1
417	323	0	2
414	323	2	2
417	335	0	1
414	335	2	2
417	331	0	0
414	331	2	2
417	19	0	1
414	19	2	1
412	383	0	1
412	331	0	1
412	5	0	0
412	326	0	0
412	19	0	2
419	366	1	2
419	366	1	2
419	331	1	1
419	331	1	1
419	5	1	1
419	5	1	1
419	326	1	0
419	326	1	0
419	355	1	1
419	355	1	1
420	338	0	0
420	384	0	1
420	18	0	0
420	328	0	0
420	326	0	0
410	326	2	0
410	19	2	1
410	367	2	2
410	368	2	0
410	385	2	1
420	336	0	0
420	18	0	0
420	326	0	0
420	328	0	0
420	331	0	0
421	343	2	2
421	334	2	2
421	18	2	1
421	354	2	1
421	326	2	0
416	338	2	2
416	328	2	2
416	326	2	0
416	45	2	0
416	367	2	1
421	323	2	2
421	345	2	1
421	335	2	2
421	19	2	1
421	326	2	0
422	386	0	0
422	333	0	0
422	326	0	0
422	343	0	0
422	367	0	0
423	234	1	1
423	256	1	2
423	107	1	2
423	317	1	0
423	342	1	1
424	325	1	1
424	331	1	0
424	335	1	2
424	342	1	1
424	328	1	1
425	347	1	1
425	330	1	0
425	385	1	0
425	387	1	1
425	331	1	1
426	325	0	2
423	325	1	1
426	325	0	2
426	335	0	1
423	335	1	1
426	335	0	1
426	328	0	1
423	328	1	2
426	328	0	2
426	331	0	0
423	331	1	0
426	331	0	0
426	19	0	1
423	19	1	1
426	19	0	1
427	323	0	2
427	323	0	2
427	331	0	1
427	331	0	1
427	190	0	1
427	190	0	1
427	87	0	1
427	87	0	1
427	328	0	1
427	328	0	1
428	344	1	0
428	343	1	0
428	5	1	0
428	331	1	1
428	45	1	0
429	345	1	0
429	388	1	0
429	328	1	1
429	326	1	0
429	355	1	2
430	338	2	0
425	338	1	0
430	338	2	0
424	338	1	0
430	330	2	0
425	330	1	0
430	330	2	0
424	330	1	0
430	335	2	2
425	335	1	2
430	335	2	2
424	335	1	2
430	5	2	0
425	5	1	0
430	5	2	0
424	5	1	0
430	326	2	0
425	326	1	0
430	326	2	0
424	326	1	0
429	234	1	0
429	389	1	1
429	360	1	1
429	338	1	0
429	331	1	1
428	358	1	0
428	317	1	0
428	326	1	0
428	331	1	1
428	355	1	2
422	335	0	1
422	224	0	2
422	45	0	0
422	326	0	0
422	355	0	0
431	15	1	1
432	15	1	1
431	358	1	1
432	358	1	2
431	323	1	2
432	323	1	2
431	345	1	2
432	345	1	2
431	331	1	1
432	331	1	0
433	322	1	2
432	322	1	2
433	345	1	0
432	345	1	2
433	256	1	2
432	256	1	2
433	328	1	2
432	328	1	2
433	326	1	0
432	326	1	0
434	338	0	1
434	326	0	0
434	19	0	1
434	367	0	1
434	368	0	0
435	344	1	0
431	344	1	2
435	322	1	1
431	322	1	2
435	328	1	2
431	328	1	2
435	331	1	1
431	331	1	1
435	325	1	2
431	325	1	2
434	328	0	2
436	328	0	2
434	338	0	2
436	338	0	2
434	330	0	2
436	330	0	2
434	18	0	1
436	18	0	1
434	331	0	1
436	331	0	1
437	323	1	2
437	390	1	2
437	322	1	2
437	328	1	2
437	331	1	1
433	317	1	1
433	331	1	1
433	335	1	2
433	264	1	2
433	326	1	0
438	338	0	1
438	335	0	0
438	18	0	1
438	45	0	1
438	325	0	2
439	326	1	0
439	5	1	2
439	368	1	0
439	391	1	2
439	372	1	0
438	337	0	0
438	328	0	2
438	326	0	0
438	331	0	0
438	19	0	1
435	392	1	0
435	335	1	2
435	326	1	0
435	393	1	2
435	355	1	2
439	351	1	1
439	338	1	1
439	45	1	1
439	328	1	2
439	326	1	0
436	329	0	1
436	330	0	2
436	335	0	2
436	331	0	1
436	326	0	0
437	331	1	1
437	328	1	2
437	19	1	1
437	339	1	2
437	326	1	0
440	5	0	2
440	328	0	2
440	325	0	2
440	394	0	2
440	355	0	1
440	114	0	1
440	344	0	2
440	332	0	1
440	346	0	2
440	19	0	2
441	18	1	0
441	331	1	0
441	354	1	0
441	326	1	0
441	19	1	1
442	356	2	1
442	358	2	0
442	395	2	0
442	18	2	0
442	331	2	0
443	330	1	0
443	331	1	0
443	342	1	0
443	326	1	0
443	343	1	0
444	12	1	1
444	358	1	0
444	323	1	2
444	345	1	0
444	331	1	0
444	360	1	0
442	360	2	0
444	331	1	0
442	331	2	1
444	328	1	0
442	328	2	2
444	325	1	2
442	325	2	2
444	326	1	0
442	326	2	0
445	326	0	0
446	326	1	0
445	224	0	2
446	224	1	2
445	355	0	1
446	355	1	1
445	19	0	2
446	19	1	1
445	331	0	0
446	331	1	1
443	323	1	2
443	374	1	2
443	328	1	0
443	224	1	2
443	369	1	1
446	335	1	1
446	375	1	1
446	331	1	0
446	57	1	1
446	355	1	2
445	323	0	2
445	328	0	2
445	342	0	1
445	326	0	0
445	355	0	2
441	347	1	0
441	341	1	0
441	354	1	0
441	355	1	2
441	326	1	0
447	201	2	0
447	344	2	0
447	328	2	0
447	224	2	2
447	326	2	0
447	360	2	0
447	345	2	0
447	45	2	0
447	328	2	0
447	326	2	0
448	344	1	1
448	330	1	2
448	345	1	1
448	5	1	1
448	326	1	0
449	322	2	1
449	331	2	1
449	355	2	2
449	326	2	0
449	19	2	0
449	323	2	2
449	338	2	0
449	335	2	1
449	224	2	2
449	326	2	0
450	256	0	2
451	256	0	1
450	330	0	2
451	330	0	0
450	326	0	0
451	326	0	0
450	375	0	1
451	375	0	0
450	331	0	1
451	331	0	1
452	335	0	2
452	45	0	0
452	331	0	1
452	326	0	0
452	346	0	1
448	5	1	1
453	5	2	1
448	256	1	2
453	256	2	2
448	330	1	2
453	330	2	1
448	324	1	1
453	324	2	1
448	331	1	1
453	331	2	1
454	358	0	1
451	358	0	1
454	349	0	0
451	349	0	1
454	317	0	1
451	317	0	0
454	330	0	1
451	330	0	0
454	335	0	2
451	335	0	2
455	350	0	0
456	350	1	0
455	317	0	0
456	317	1	1
455	335	0	1
456	335	1	1
455	326	0	0
456	326	1	0
455	325	0	2
456	325	1	2
452	342	0	2
452	114	0	0
452	45	0	1
452	256	0	2
452	331	0	1
454	333	0	2
454	385	0	2
454	331	0	1
454	18	0	0
454	335	0	2
456	325	1	2
457	325	0	1
456	344	1	0
457	344	0	0
456	338	1	1
457	338	0	1
456	335	1	2
457	335	0	2
456	326	1	0
457	326	0	0
450	224	0	2
450	328	0	2
450	18	0	0
450	264	0	0
450	325	0	2
458	357	1	2
457	357	0	1
458	344	1	0
457	344	0	0
458	323	1	2
457	323	0	2
458	45	1	2
457	45	0	1
458	338	1	1
457	338	0	1
455	322	0	1
455	333	0	0
455	331	0	1
455	326	0	0
455	45	0	0
458	323	1	2
458	330	1	1
458	331	1	1
458	19	1	1
458	326	1	0
453	5	2	1
453	326	2	0
453	331	2	1
453	339	2	2
453	368	2	0
459	338	1	1
459	348	1	1
459	330	1	0
459	328	1	2
459	5	1	0
460	328	2	2
460	322	2	2
460	335	2	1
460	326	2	0
460	355	2	2
461	234	2	1
462	234	2	1
461	317	2	0
462	317	2	0
461	324	2	2
462	324	2	1
461	18	2	0
462	18	2	2
461	335	2	1
462	335	2	1
463	342	0	1
463	18	0	1
463	19	0	0
463	339	0	2
463	326	0	0
464	362	0	0
462	362	2	1
464	330	0	0
462	330	2	0
464	335	0	2
462	335	2	2
464	18	0	0
462	18	2	1
464	224	0	2
462	224	2	2
465	349	0	0
465	343	0	0
465	325	0	2
465	45	0	1
465	224	0	2
466	389	0	1
466	335	0	1
466	355	0	2
466	328	0	2
466	19	0	2
466	201	0	1
466	323	0	2
466	256	0	2
466	328	0	2
466	342	0	1
463	323	0	2
463	338	0	1
463	328	0	1
463	224	0	2
463	354	0	1
465	358	0	2
465	385	0	2
465	330	0	0
465	335	0	1
465	331	0	1
460	323	2	2
460	330	2	1
460	256	2	1
460	331	2	1
460	346	2	1
464	360	0	0
464	317	0	1
464	264	0	0
464	326	0	0
464	19	0	1
461	234	2	0
461	325	2	2
461	5	2	1
461	45	2	0
461	328	2	0
459	325	1	2
459	342	1	0
459	5	1	1
459	346	1	0
459	326	1	0
467	234	0	1
468	234	2	1
468	234	2	1
467	5	0	1
468	5	2	1
468	5	2	1
467	328	0	2
468	328	2	2
468	328	2	2
467	326	0	0
468	326	2	0
468	326	2	0
467	346	0	2
468	346	2	2
468	346	2	2
469	358	2	1
470	358	0	0
469	325	2	2
470	325	0	2
469	256	2	1
470	256	0	0
469	335	2	1
470	335	0	1
469	18	2	1
470	18	0	0
469	234	2	1
469	343	2	2
469	279	2	2
469	335	2	2
469	5	2	2
467	5	0	2
467	224	0	2
467	326	0	0
467	19	0	2
467	355	0	2
470	330	0	1
470	328	0	1
470	19	0	1
470	326	0	0
470	5	0	0
471	317	1	2
471	69	1	2
471	335	1	2
471	224	1	2
471	355	1	1
472	323	0	2
472	338	0	0
472	335	0	2
472	331	0	0
472	5	0	0
473	317	0	0
473	342	0	0
473	224	0	2
473	332	0	0
473	326	0	0
474	331	1	1
474	5	1	0
474	264	1	1
474	328	1	0
474	326	1	0
475	345	2	1
475	69	2	2
475	335	2	2
475	224	2	2
475	19	2	1
476	335	1	2
476	396	1	2
476	325	1	2
476	326	1	0
476	385	1	1
477	343	0	1
478	343	0	0
479	343	0	0
477	338	0	0
478	338	0	0
479	338	0	0
477	335	0	1
478	335	0	1
479	335	0	1
477	328	0	2
478	328	0	0
479	328	0	0
477	342	0	1
478	342	0	0
479	342	0	0
480	343	1	1
480	331	1	1
480	326	1	0
480	328	1	2
480	367	1	2
481	328	2	2
481	19	2	1
481	72	2	2
481	331	2	1
481	355	2	2
476	342	1	2
482	342	1	2
476	335	1	2
482	335	1	2
476	326	1	0
482	326	1	0
476	331	1	1
482	331	1	2
476	19	1	1
482	19	1	0
474	345	1	1
474	186	1	2
474	331	1	0
474	325	1	2
474	326	1	0
473	338	0	0
473	335	0	2
473	326	0	0
473	354	0	0
473	19	0	1
479	323	0	2
479	317	0	0
479	330	0	0
479	331	0	1
479	5	0	0
477	18	0	0
477	342	0	0
477	331	0	1
477	355	0	2
477	339	0	2
475	256	2	1
475	45	2	1
475	5	2	2
475	331	2	1
475	19	2	1
482	338	1	2
482	323	1	2
482	326	1	0
482	72	1	1
482	372	1	1
471	335	1	2
471	331	1	0
471	342	1	0
471	5	1	1
471	354	1	0
481	323	2	2
481	331	2	0
481	342	2	0
481	354	2	1
481	45	2	2
472	345	0	0
472	335	0	1
472	388	0	0
472	339	0	0
472	326	0	0
480	338	1	0
480	326	1	0
480	331	1	1
480	367	1	1
480	5	1	1
478	18	0	0
478	331	0	0
478	45	0	0
478	326	0	0
478	355	0	2
483	392	0	0
483	45	0	1
483	328	0	2
483	331	0	0
483	326	0	0
484	335	1	2
484	326	1	0
484	331	1	1
484	343	1	2
484	368	1	0
485	335	1	1
485	331	1	0
485	396	1	1
485	326	1	0
485	343	1	0
483	323	0	2
486	323	0	2
487	323	1	2
483	342	0	1
486	342	0	1
487	342	1	1
483	326	0	0
486	326	0	0
487	326	1	0
483	346	0	1
486	346	0	0
487	346	1	1
483	331	0	0
486	331	0	1
487	331	1	1
488	338	0	0
488	331	0	0
488	328	0	2
488	327	0	0
488	355	0	0
489	335	0	1
489	331	0	0
489	346	0	0
489	355	0	1
489	326	0	0
485	331	1	1
485	326	1	0
485	328	1	1
485	355	1	2
485	19	1	0
490	330	2	0
490	331	2	0
490	325	2	2
490	326	2	0
490	19	2	1
490	5	2	1
491	5	2	1
487	5	1	1
490	326	2	0
491	326	2	0
487	326	1	0
490	355	2	2
491	355	2	2
487	355	1	2
490	368	2	0
491	368	2	0
487	368	1	0
490	62	2	0
491	62	2	0
487	62	1	1
492	338	1	0
492	338	1	0
492	326	1	0
492	326	1	0
492	353	1	2
492	353	1	2
492	331	1	1
492	331	1	1
492	355	1	2
492	355	1	2
486	338	0	0
486	330	0	0
486	354	0	0
486	19	0	1
486	331	0	0
489	224	0	2
489	326	0	0
489	367	0	0
489	368	0	0
489	5	0	0
484	45	1	2
484	224	1	2
484	325	1	2
484	326	1	0
484	72	1	1
488	326	0	0
488	19	0	0
488	331	0	0
488	339	0	2
488	368	0	0
491	224	2	2
491	326	2	0
491	328	2	1
491	57	2	1
491	339	2	1
493	224	1	2
493	328	1	2
493	325	1	2
493	355	1	2
493	326	1	0
493	338	1	1
493	326	1	0
493	328	1	2
493	19	1	1
493	10	1	2
494	331	1	1
495	331	0	0
496	331	1	1
494	45	1	0
495	45	0	0
496	45	1	0
494	328	1	1
495	328	0	1
496	328	1	0
494	19	1	1
495	19	0	0
496	19	1	1
494	378	1	0
495	378	0	0
496	378	1	0
497	335	2	1
497	5	2	2
497	326	2	0
497	367	2	0
497	368	2	0
498	354	1	0
498	328	1	2
498	326	1	0
498	19	1	1
498	367	1	1
499	331	0	0
499	325	0	1
499	326	0	0
499	355	0	1
499	343	0	0
500	19	0	1
501	19	0	0
500	326	0	0
501	326	0	0
500	57	0	0
501	57	0	0
500	328	0	0
501	328	0	1
500	355	0	1
501	355	0	0
498	338	1	1
498	328	1	2
498	326	1	0
498	343	1	0
498	368	1	0
496	331	1	1
496	325	1	2
496	397	1	0
496	339	1	0
496	326	1	0
502	5	0	2
502	331	0	0
502	326	0	0
502	346	0	2
502	339	0	1
494	328	1	1
494	326	1	0
494	331	1	0
494	346	1	2
494	19	1	1
500	325	0	1
500	326	0	0
500	355	0	2
500	72	0	0
500	367	0	0
499	5	0	0
497	5	2	2
499	19	0	1
497	19	2	1
499	355	0	2
497	355	2	2
499	326	0	0
497	326	2	0
499	368	0	0
497	368	2	0
495	331	0	1
495	354	0	0
495	19	0	0
495	326	0	0
495	45	0	0
501	331	0	0
501	45	0	2
501	326	0	0
501	19	0	1
501	355	0	2
502	326	0	0
502	19	0	1
502	72	0	0
502	331	0	0
502	364	0	0
503	326	0	0
503	355	0	2
503	331	0	1
503	5	0	1
503	343	0	2
504	331	0	1
504	335	0	2
504	224	0	2
504	332	0	1
504	85	0	2
504	331	0	1
504	328	0	2
504	326	0	0
504	355	0	1
504	343	0	1
505	5	1	2
506	5	0	0
505	326	1	0
506	326	0	0
505	353	1	2
506	353	0	2
505	328	1	2
506	328	0	2
505	331	1	1
506	331	0	0
506	328	0	2
506	331	0	1
506	19	0	1
506	326	0	0
506	355	0	2
507	328	1	2
507	331	1	1
507	326	1	0
507	355	1	2
507	19	1	1
507	331	1	1
507	354	1	1
507	328	1	2
507	326	1	0
507	355	1	1
503	328	0	2
503	354	0	1
503	85	0	2
503	346	0	1
503	326	0	0
505	19	1	1
505	331	1	1
505	326	1	0
505	343	1	2
505	5	1	2
508	325	0	2
508	19	0	1
508	331	0	1
508	326	0	0
508	343	0	1
509	331	0	0
509	326	0	0
509	343	0	0
509	5	0	0
509	367	0	1
508	328	0	2
508	363	0	0
508	331	0	0
508	326	0	0
508	19	0	1
510	355	1	2
510	328	1	2
510	331	1	0
510	339	1	2
510	326	1	0
511	331	0	0
509	331	0	0
511	328	0	2
509	328	0	2
511	326	0	0
509	326	0	0
511	355	0	2
509	355	0	1
511	372	0	1
509	372	0	2
512	326	0	0
512	19	0	2
512	5	0	0
512	368	0	0
512	398	0	0
512	5	0	0
512	325	0	2
512	326	0	0
512	346	0	0
512	331	0	0
513	328	0	2
513	326	0	0
513	355	0	2
513	5	0	0
513	367	0	1
511	328	0	2
511	326	0	0
511	368	0	0
511	5	0	0
511	62	0	0
510	328	1	0
510	19	1	1
510	339	1	2
510	326	1	0
510	385	1	0
513	19	0	1
514	19	1	2
513	331	0	0
514	331	1	1
513	355	0	2
514	355	1	1
513	326	0	0
514	326	1	0
513	5	0	0
514	5	1	1
514	331	1	0
514	328	1	2
514	326	1	0
514	355	1	1
514	343	1	2
515	326	1	0
516	326	0	0
515	331	1	1
516	331	0	1
515	45	1	1
516	45	0	2
515	368	1	0
516	368	0	0
515	5	1	2
516	5	0	2
517	326	1	0
517	19	1	1
517	355	1	2
517	367	1	1
517	5	1	2
518	326	0	0
518	355	0	1
518	399	0	0
518	331	0	0
518	45	0	0
518	328	0	1
518	326	0	0
518	72	0	0
518	331	0	1
518	343	0	0
519	328	2	1
519	224	2	2
519	326	2	0
519	354	2	2
519	346	2	2
520	326	2	0
520	19	2	1
520	355	2	1
520	367	2	0
520	5	2	2
516	326	0	0
516	19	0	1
516	328	0	2
516	355	0	2
516	331	0	1
521	326	0	0
522	326	0	0
521	353	0	2
522	353	0	2
521	368	0	0
522	368	0	0
521	5	0	0
522	5	0	1
521	400	0	0
522	400	0	0
521	335	0	1
523	335	1	2
521	326	0	0
523	326	1	0
521	331	0	0
523	331	1	1
521	368	0	0
523	368	1	0
521	385	0	0
523	385	1	2
524	331	2	1
525	331	1	1
524	326	2	0
525	326	1	0
524	355	2	2
525	355	1	2
524	339	2	2
525	339	1	2
524	367	2	2
525	367	1	2
526	326	1	0
526	327	1	1
526	45	1	2
526	367	1	2
526	343	1	2
515	328	1	2
515	326	1	0
515	355	1	2
515	331	1	1
515	367	1	1
522	326	0	0
522	354	0	0
522	19	0	1
522	394	0	2
522	331	0	1
519	19	2	1
519	326	2	0
519	328	2	2
519	5	2	2
519	368	2	0
520	331	2	2
520	5	2	1
520	343	2	2
520	367	2	0
520	368	2	0
517	328	1	2
517	326	1	0
517	19	1	1
517	355	1	1
517	10	1	2
524	326	2	0
524	328	2	2
524	331	2	1
524	355	2	2
524	343	2	2
526	326	1	0
526	372	1	2
526	45	1	2
526	368	1	0
526	400	1	2
525	326	1	0
525	331	1	1
525	368	1	0
525	5	1	2
525	372	1	1
523	401	1	2
523	19	1	1
523	328	1	2
523	326	1	0
523	343	1	2
527	19	2	1
527	355	2	2
527	331	2	0
527	326	2	0
527	5	2	1
528	331	1	0
528	326	1	0
528	355	1	0
528	367	1	0
528	368	1	0
529	326	1	0
529	19	1	0
529	339	1	1
529	355	1	2
529	5	1	1
527	85	2	1
530	85	2	1
527	326	2	0
530	326	2	0
527	355	2	2
530	355	2	2
527	19	2	0
530	19	2	0
527	343	2	0
530	343	2	0
531	326	2	0
531	368	2	0
531	343	2	0
531	5	2	0
531	385	2	0
529	326	1	0
529	331	1	0
529	355	1	2
529	5	1	1
529	368	1	0
532	326	2	0
532	331	2	0
532	355	2	1
532	5	2	0
532	343	2	0
533	19	2	1
533	346	2	0
533	326	2	0
533	367	2	0
533	368	2	0
528	326	1	0
528	331	1	0
528	327	1	0
528	339	1	0
528	368	1	0
533	326	2	0
530	326	2	0
533	72	2	0
530	72	2	0
533	355	2	2
530	355	2	1
533	367	2	0
530	367	2	0
533	5	2	0
530	5	2	1
531	328	2	0
532	328	2	0
531	326	2	0
532	326	2	0
531	19	2	1
532	19	2	1
531	343	2	0
532	343	2	0
531	368	2	0
532	368	2	0