-----------------------
dist_weighted,max_workers,3,6,trec,520
10 Trials
[2, 3, 4, 5, 6] m_range
[10, 40, 70, 100, 130, 160, 190, 220, 250, 280, 310, 340, 370, 400, 430, 460, 490, 520] max_worker_range
1151 524
[10, 40, 70, 100, 130, 160, 190, 220, 250, 280, 310, 340, 370, 400, 430, 460, 490, 520]
defaultdict(<type 'list'>, {'OPT': [0.6547350130321459, 0.6658557775847089, 0.67002606429192, 0.6527367506516073, 0.6645525629887055, 0.6853171155516942, 0.6654213727193745, 0.659860990443093, 0.6654213727193745, 0.6537793223284101, 0.6671589921807124, 0.6580364900086879, 0.6649869678540401, 0.6578627280625542, 0.6571676802780192, 0.6548218940052128, 0.6608166811468289, 0.6619461337966985], 'GEN_EM': [0.6914856646394438, 0.6930495221546481, 0.685490877497828, 0.6834926151172895, 0.6851433536055603, 0.690529973935708, 0.68627280625543, 0.6900086880973068, 0.7001737619461338, 0.6866203301476977, 0.6825369244135534, 0.6860990443092961, 0.6823631624674197, 0.6937445699391833, 0.6875760208514337, 0.6875760208514337, 0.6900955690703735, 0.6890529973935708]})

-----------------------
dist_weighted,max_workers,3,6,trec,520
10 Trials
[2, 3, 4, 5, 6] m_range
[10, 40, 70, 100, 130, 160, 190, 220, 250, 280, 310, 340, 370, 400, 430, 460, 490, 520] max_worker_range
1151 524
[10, 40, 70, 100, 130, 160, 190, 220, 250, 280, 310, 340, 370, 400, 430, 460, 490, 520]
defaultdict(<type 'list'>, {'OPT': [0.65125977410947, 0.6554300608166811, 0.6556907037358818, 0.6576020851433535, 0.6540399652476109, 0.6610773240660296, 0.6594265855777586, 0.6511728931364031, 0.6602953953084276, 0.6586446568201565, 0.6617723718505648, 0.6593397046046916, 0.659860990443093, 0.658905299739357, 0.6609904430929626, 0.65629887054735, 0.6587315377932232, 0.6659426585577759], 'GEN_EM': [0.6839270199826237, 0.6865334491746309, 0.6801911381407473, 0.6871416159860992, 0.6869678540399652, 0.6932232841007819, 0.685577758470895, 0.6935708079930496, 0.6910512597741094, 0.6864465682015639, 0.6785403996524761, 0.6814074717636839, 0.6865334491746307, 0.6920069504778453, 0.6874022589052997, 0.6801042571676803, 0.6891398783666376, 0.6835794960903562]})

