-----------------------
dist_weighted,m,3,6,trec,6
1 Trials
[2, 3, 4, 5, 6] m_range
[10, 40, 70, 100, 130, 160, 190, 220, 250, 280, 310, 340, 370, 400, 430, 460, 490, 520] max_worker_range
1151 524
[2, 3, 4, 5, 6]
defaultdict(<type 'list'>, {'OPT': [0.7836663770634231, 0.7775847089487402, 0.7298001737619462, 0.7046046915725456, 0.6907037358818419], 'GEN_EM': [0.7610773240660296, 0.7080799304952216, 0.7046046915725456, 0.7141615986099045, 0.680278019113814]})

-----------------------
dist_weighted,m,3,6,trec,6
1 Trials
[1, 2, 3, 4, 5, 6] m_range
[10, 40, 70, 100, 130, 160, 190, 220, 250, 280, 310, 340, 370, 400, 430, 460, 490, 520] max_worker_range
1151 524
[1, 2, 3, 4, 5, 6]
defaultdict(<type 'list'>, {'OPT': [0.7602085143353605, 0.7558644656820156, 0.7827975673327541, 0.7080799304952216, 0.685490877497828, 0.6611642050390965], 'GEN_EM': [0.7602085143353605, 0.7228496959165943, 0.7219808861859253, 0.6967854039965248, 0.6880973066898349, 0.684622067767159]})

-----------------------
dist_weighted,m,3,6,trec,6
10 Trials
[1, 2, 3, 4, 5, 6] m_range
[10, 40, 70, 100, 130, 160, 190, 220, 250, 280, 310, 340, 370, 400, 430, 460, 490, 520] max_worker_range
1151 524
[1, 2, 3, 4, 5, 6]
defaultdict(<type 'list'>, {'OPT': [0.7456125108601217, 0.7599478714161598, 0.7805386620330149, 0.7422241529105127, 0.7049522154648132, 0.6688966116420505], 'GEN_EM': [0.7456125108601217, 0.7416159860990443, 0.7307558644656821, 0.7147697654213727, 0.6879235447437011, 0.6901824500434405]})

