-----------------------
dist_weighted,max_workers,3,2,trec,520
10 Trials
[2, 3, 4, 5, 6] m_range
[10, 40, 70, 100, 130, 160, 190, 220, 250, 280, 310, 340, 370, 400, 430, 460, 490, 520] max_worker_range
1151 524
[10, 40, 70, 100, 130, 160, 190, 220, 250, 280, 310, 340, 370, 400, 430, 460, 490, 520]
defaultdict(<type 'list'>, {'OPT': [0.7532580364900087, 0.7638575152041704, 0.7576889661164204, 0.749522154648132, 0.7645525629887054, 0.7663770634231104, 0.7549087749782799, 0.7579496090356213, 0.7574283231972198, 0.7548218940052129, 0.7548218940052129, 0.7566463944396178, 0.7636837532580365, 0.7518679409209382, 0.7551694178974805, 0.761424847958297, 0.7662033014769765, 0.7543006081668115], 'GEN_EM': [0.728149435273675, 0.7346655082536925, 0.7281494352736749, 0.7245873153779321, 0.7268462206776716, 0.7388357949609037, 0.7257167680278018, 0.7268462206776716, 0.7314509122502172, 0.7275412684622068, 0.7360556038227628, 0.7334491746307558, 0.7378801042571677, 0.7298001737619461, 0.7311902693310166, 0.7378801042571677, 0.7313640312771502, 0.7346655082536924]})

-----------------------
dist_weighted,max_workers,3,2,trec,520
10 Trials
[2, 3, 4, 5, 6] m_range
[10, 40, 70, 100, 130, 160, 190, 220, 250, 280, 310, 340, 370, 400, 430, 460, 490, 520] max_worker_range
1151 524
[10, 40, 70, 100, 130, 160, 190, 220, 250, 280, 310, 340, 370, 400, 430, 460, 490, 520]
defaultdict(<type 'list'>, {'OPT': [0.7551694178974804, 0.7685490877497828, 0.7651607298001737, 0.7556038227628148, 0.7555169417897482, 0.7735881841876628, 0.7599478714161598, 0.7740225890529976, 0.7638575152041702, 0.753866203301477, 0.7674196350999132, 0.7599478714161598, 0.7579496090356213, 0.7685490877497828, 0.7665508253692442, 0.7578627280625543, 0.761511728931364, 0.7641181581233709], 'GEN_EM': [0.7278887923544745, 0.7442224152910513, 0.7381407471763685, 0.7348392701998262, 0.740225890529974, 0.7295395308427455, 0.7493483927019982, 0.7339704604691574, 0.7331016507384884, 0.7304952215464813, 0.7413553431798438, 0.7323197219808861, 0.738401390095569, 0.7304083405734145, 0.7354474370112946, 0.7366637706342312, 0.7369244135534319, 0.7447437011294527]})

