-----------------------
dist_weighted,max_workers,3,2,adult,8
1 Trials
[1, 2, 3, 4, 5, 6] m_range
[2, 3, 4, 5, 6, 7, 8] max_worker_range
496 8
[2, 3, 4, 5, 6, 7, 8]
defaultdict(<type 'list'>, {'OPT': [0.4495967741935484, 0.5584677419354839, 0.4879032258064516, 0.5342741935483871, 0.5504032258064516, 0.5362903225806451, 0.4798387096774194], 'GEN_EM': [0.657258064516129, 0.4798387096774194, 0.3709677419354839, 0.5665322580645161, 0.5141129032258065, 0.5060483870967742, 0.4334677419354839]})

-----------------------
dist_weighted,max_workers,3,2,adult,8
10 Trials
[1, 2, 3, 4, 5, 6] m_range
[2, 3, 4, 5, 6, 7, 8] max_worker_range
496 8
[2, 3, 4, 5, 6, 7, 8]
defaultdict(<type 'list'>, {'OPT': [0.4074596774193548, 0.4887096774193549, 0.5598790322580645, 0.4844758064516129, 0.5098790322580646, 0.49838709677419357, 0.4840725806451613], 'GEN_EM': [0.4643145161290322, 0.4659274193548387, 0.5437500000000001, 0.4477822580645161, 0.4407258064516129, 0.4532258064516129, 0.455241935483871]})

-----------------------
dist_weighted,max_workers,3,2,adult,8
10 Trials
[1, 2, 3, 4, 5, 6] m_range
[2, 3, 4, 5, 6, 7, 8] max_worker_range
496 8
[2, 3, 4, 5, 6, 7, 8]
defaultdict(<type 'list'>, {'OPT': [0.4268145161290323, 0.4872983870967743, 0.4461693548387097, 0.4659274193548387, 0.4887096774193548, 0.4951612903225807, 0.4858870967741935], 'GEN_EM': [0.4844758064516129, 0.4516129032258065, 0.4481854838709678, 0.4106854838709677, 0.4443548387096774, 0.4481854838709677, 0.4379032258064516]})

-----------------------
dist_weighted,max_workers,3,2,adult,8
100 Trials
[1, 2, 3, 4, 5, 6] m_range
[2, 3, 4, 5, 6, 7, 8] max_worker_range
496 8
[2, 3, 4, 5, 6, 7, 8]
defaultdict(<type 'list'>, {'OPT': [0.40104838709677426, 0.47044354838709673, 0.49741935483870975, 0.4926411290322581, 0.480584677419355, 0.4927217741935482, 0.4887096774193549], 'GEN_EM': [0.44356854838709675, 0.4540524193548388, 0.45631048387096773, 0.4422379032258065, 0.42578629032258064, 0.44260080645161265, 0.4430040322580646]})

-----------------------
dist_weighted,max_workers,3,2,adult,8
100 Trials
[1, 2, 3, 4, 5, 6] m_range
[3, 4, 5, 6, 7, 8] max_worker_range
496 8
[3, 4, 5, 6, 7, 8]
defaultdict(<type 'list'>, {'OPT': [0.4445564516129032, 0.4882862903225807, 0.49314516129032254, 0.494858870967742, 0.4925806451612902, 0.4900604838709676], 'GEN_EM': [0.41651209677419354, 0.4496370967741935, 0.44538306451612897, 0.43856854838709664, 0.4485282258064514, 0.44356854838709675]})

-----------------------
dist_weighted,max_workers,3,2,adult,8
100 Trials
[1, 2, 3, 4, 5, 6] m_range
[3, 4, 5, 6, 7, 8] max_worker_range
496 8
[3, 4, 5, 6, 7, 8]
defaultdict(<type 'list'>, {'OPT': [0.45290322580645154, 0.47407258064516106, 0.5013306451612904, 0.48574596774193535, 0.4904838709677419, 0.48522177419354845], 'GEN_EM': [0.4438709677419356, 0.43576612903225814, 0.4445564516129034, 0.4365725806451613, 0.4428427419354839, 0.44068548387096784]})

