-----------------------
frac_correct,max_workers,2,2,kdd,362
10 Trials
[2, 3, 4, 5, 6, 7, 8, 9, 10] m_range
[2, 42, 82, 122, 162, 202, 242, 282, 322, 362] max_worker_range
36 402
[2, 42, 82, 122, 162, 202, 242, 282, 322, 362]
defaultdict(<type 'list'>, {'OPT': [0.16666666666666669, 0.22222222222222224, 0.20833333333333331, 0.18333333333333335, 0.20833333333333334, 0.19444444444444445, 0.21666666666666665, 0.2111111111111111, 0.2, 0.20833333333333334], 'GEN_EM': [0.17777777777777776, 0.22222222222222218, 0.23055555555555557, 0.23888888888888887, 0.21388888888888888, 0.2111111111111111, 0.20833333333333331, 0.25277777777777777, 0.225, 0.19722222222222224]})

-----------------------
frac_correct,max_workers,2,2,kdd,362
100 Trials
[2, 3, 4, 5, 6, 7, 8, 9, 10] m_range
[2, 42, 82, 122, 162, 202, 242, 282, 322, 362] max_worker_range
36 402
[2, 42, 82, 122, 162, 202, 242, 282, 322, 362]
defaultdict(<type 'list'>, {'OPT': [0.18277777777777765, 0.1913888888888889, 0.191111111111111, 0.19083333333333324, 0.19833333333333322, 0.1902777777777778, 0.20000000000000004, 0.19777777777777772, 0.19277777777777774, 0.1924999999999999], 'GEN_EM': [0.21916666666666657, 0.21083333333333332, 0.21472222222222215, 0.21388888888888874, 0.21666666666666654, 0.221111111111111, 0.21194444444444438, 0.2155555555555554, 0.21833333333333318, 0.2188888888888888]})

-----------------------
frac_correct,max_workers,2,2,kdd,362
100 Trials
[2, 3, 4, 5, 6, 7, 8, 9, 10] m_range
[2, 42, 82, 122, 162, 202, 242, 282, 322, 362] max_worker_range
36 402
[2, 42, 82, 122, 162, 202, 242, 282, 322, 362]
defaultdict(<type 'list'>, {'OPT': [0.19722222222222208, 0.19083333333333333, 0.19861111111111107, 0.19527777777777763, 0.19250000000000006, 0.19499999999999987, 0.19944444444444442, 0.20027777777777775, 0.19333333333333327, 0.18805555555555561], 'GEN_EM': [0.2205555555555554, 0.20749999999999993, 0.2272222222222221, 0.21666666666666665, 0.2174999999999999, 0.21249999999999983, 0.22000000000000003, 0.2297222222222222, 0.21250000000000002, 0.21055555555555547]})

